0,10,11,33428023
0,10,12,904003
0,10,13,12091725
0,10,14,1076528
0,10,15,1094609
0,10,16,846698
0,10,17,1078060
0,10,18,938323
0,10,19,987967
0,10,20,779432
0,10,21,1822407
0,10,22,13162433
0,10,23,42661096
0,10,24,16715921
0,10,25,1244457
0,10,26,1484247
0,10,27,4962049
0,10,28,3606816
0,10,29,8144447
0,10,30,9538152
0,10,31,31447494
0,10,32,8977511
0,11,12,33210756
0,11,13,33210756
0,11,14,33210756
0,11,15,33210756
0,11,16,33430934
0,11,17,33210756
0,11,18,33522559
0,11,19,33572204
0,11,20,33363669
0,11,21,34406644
0,11,22,45746670
0,11,23,75245333
0,11,24,49300157
0,11,25,33828693
0,11,26,34068483
0,11,27,37546285
0,11,28,36191052
0,11,29,40728684
0,11,30,42122388
0,11,31,64031730
0,11,32,41561748
0,12,13,11874458
0,12,14,1136898
0,12,15,1154979
0,12,16,906915
0,12,17,1138430
0,12,18,998540
0,12,19,1048184
0,12,20,839649
0,12,21,1882624
0,12,22,13222650
0,12,23,42721313
0,12,24,16776137
0,12,25,1304674
0,12,26,1544464
0,12,27,5022266
0,12,28,3667033
0,12,29,8204664
0,12,30,9598368
0,12,31,31507710
0,12,32,9037728
0,13,14,11874458
0,13,15,11874458
0,13,16,12094638
0,13,17,11874458
0,13,18,12186262
0,13,19,12235906
0,13,20,12027372
0,13,21,13070347
0,13,22,24410373
0,13,23,53909036
0,13,24,27963861
0,13,25,12492396
0,13,26,12732186
0,13,27,16209988
0,13,28,14854755
0,13,29,19392387
0,13,30,20786092
0,13,31,42695433
0,13,32,20225450
0,14,15,1327504
0,14,16,1079440
0,14,17,1310955
0,14,18,1171065
0,14,19,1220709
0,14,20,1012174
0,14,21,2055149
0,14,22,13395175
0,14,23,42893838
0,14,24,16948663
0,14,25,1477199
0,14,26,1716989
0,14,27,5194791
0,14,28,3839558
0,14,29,8377189
0,14,30,9770894
0,14,31,31680236
0,14,32,9210253
0,15,16,1097522
0,15,17,1329036
0,15,18,1189146
0,15,19,1238790
0,15,20,1030255
0,15,21,2073231
0,15,22,13413257
0,15,23,42911920
0,15,24,16966744
0,15,25,1495280
0,15,26,1735070
0,15,27,5212872
0,15,28,3857639
0,15,29,8395271
0,15,30,9788975
0,15,31,31698316
0,15,32,9228334
0,16,17,1080972
0,16,18,941235
0,16,19,990879
0,16,20,782344
0,16,21,1825320
0,16,22,13165346
0,16,23,42664009
0,16,24,16718833
0,16,25,1247368
0,16,26,1487159
0,16,27,4964961
0,16,28,3609728
0,16,29,8147360
0,16,30,9541064
0,16,31,31450405
0,16,32,8980423
0,17,18,1172597
0,17,19,1222241
0,17,20,1013706
0,17,21,2056681
0,17,22,13396707
0,17,23,42895370
0,17,24,16950195
0,17,25,1478731
0,17,26,1718521
0,17,27,5196323
0,17,28,3841090
0,17,29,8378721
0,17,30,9772426
0,17,31,31681767
0,17,32,9211785
0,18,19,1082657
0,18,20,873969
0,18,21,1917097
0,18,22,13257123
0,18,23,42443829
0,18,24,16810610
0,18,25,1339146
0,18,26,1578937
0,18,27,5056739
0,18,28,3701353
0,18,29,8238984
0,18,30,9632688
0,18,31,31542030
0,18,32,9072201
0,19,20,923613
0,19,21,1966741
0,19,22,13306767
0,19,23,42443829
0,19,24,16860255
0,19,25,1388791
0,19,26,1628581
0,19,27,5106383
0,19,28,3750997
0,19,29,8288628
0,19,30,9682333
0,19,31,31591675
0,19,32,9121845
0,1,10,898791
0,1,11,33483028
0,1,12,959008
0,1,13,12146730
0,1,14,1131533
0,1,15,1149614
0,1,16,901703
0,1,17,1133065
0,1,18,993328
0,1,19,1042972
0,1,2,10610374
0,1,20,834438
0,1,21,1877412
0,1,22,13217438
0,1,23,42716101
0,1,24,16770926
0,1,25,1299462
0,1,26,1539252
0,1,27,5017054
0,1,28,3661821
0,1,29,8199452
0,1,3,8758081
0,1,30,9593157
0,1,31,31502499
0,1,32,9032516
0,1,4,960997
0,1,5,2897862
0,1,6,4425467
0,1,7,1976087
0,1,8,965901
0,1,9,932500
0,20,21,1758053
0,20,22,13098079
0,20,23,42596742
0,20,24,16651567
0,20,25,1180103
0,20,26,1419893
0,20,27,4897695
0,20,28,3542462
0,20,29,8080093
0,20,30,9473798
0,20,31,31383140
0,20,32,8913157
0,21,22,14141207
0,21,23,42443829
0,21,24,17694694
0,21,25,2223231
0,21,26,2463021
0,21,27,5940823
0,21,28,4585437
0,21,29,9123069
0,21,30,10516772
0,21,31,32426114
0,21,32,9956285
0,22,23,42443829
0,22,24,29034720
0,22,25,12945166
0,22,26,13803047
0,22,27,17280849
0,22,28,15925463
0,22,29,20463095
0,22,30,21856799
0,22,31,43766140
0,22,32,21296311
0,23,24,42443829
0,23,25,42443829
0,23,26,43301710
0,23,27,42443829
0,23,28,45424126
0,23,29,49961758
0,23,30,51355461
0,23,31,73264803
0,23,32,42443829
0,24,25,17116744
0,24,26,17356534
0,24,27,16498654
0,24,28,19478950
0,24,29,24016583
0,24,30,25410286
0,24,31,47319628
0,24,32,16498654
0,25,26,1885070
0,25,27,5362872
0,25,28,4007486
0,25,29,8545118
0,25,30,9938822
0,25,31,31848164
0,25,32,9378335
0,26,27,5602663
0,26,28,4247276
0,26,29,8784908
0,26,30,10178612
0,26,31,32087953
0,26,32,9618124
0,27,28,7725079
0,27,29,12262710
0,27,30,13656414
0,27,31,35565756
0,27,32,8760243
0,28,29,10907630
0,28,30,12301334
0,28,31,31230226
0,28,32,11740541
0,29,30,16838966
0,29,31,31230226
0,29,32,16278172
0,2,10,10827641
0,2,11,43411877
0,2,12,10887858
0,2,13,22075580
0,2,14,11060383
0,2,15,11078464
0,2,16,10830553
0,2,17,11061915
0,2,18,10922178
0,2,19,10971822
0,2,20,10763287
0,2,21,11806262
0,2,22,23146288
0,2,23,52644951
0,2,24,26699775
0,2,25,11228311
0,2,26,11468101
0,2,27,14945904
0,2,28,13590670
0,2,29,18128302
0,2,3,18686931
0,2,30,19522006
0,2,31,41431348
0,2,32,18961366
0,2,4,10889847
0,2,5,10610374
0,2,6,14354316
0,2,7,11904937
0,2,8,10894750
0,2,9,10861350
0,30,31,31230226
0,30,32,17671877
0,31,32,39581217
0,3,10,8703076
0,3,11,41287313
0,3,12,8763293
0,3,13,19951016
0,3,14,8935818
0,3,15,8953900
0,3,16,8705989
0,3,17,8937350
0,3,18,8797613
0,3,19,8847257
0,3,20,8638722
0,3,21,9681698
0,3,22,21021724
0,3,23,50520387
0,3,24,24575212
0,3,25,9103747
0,3,26,9343537
0,3,27,12821339
0,3,28,11466106
0,3,29,16003738
0,3,30,17397443
0,3,31,39306783
0,3,32,16836801
0,3,4,8765282
0,3,5,10702147
0,3,6,8485809
0,3,7,9780372
0,3,8,8485809
0,3,9,8736785
0,4,10,905992
0,4,11,33490229
0,4,12,966209
0,4,13,12153931
0,4,14,1138734
0,4,15,1156815
0,4,16,908904
0,4,17,1140265
0,4,18,1000529
0,4,19,1050173
0,4,20,841639
0,4,21,1884613
0,4,22,13224639
0,4,23,42723302
0,4,24,16778127
0,4,25,1306663
0,4,26,1546452
0,4,27,5024255
0,4,28,3669021
0,4,29,8206653
0,4,30,9600358
0,4,31,31509699
0,4,32,9039716
0,4,5,2905062
0,4,6,4432667
0,4,7,1983287
0,4,8,973101
0,4,9,939700
0,5,10,2842857
0,5,11,35427094
0,5,12,2903074
0,5,13,14090796
0,5,14,3075599
0,5,15,3093680
0,5,16,2845769
0,5,17,3077131
0,5,18,2937394
0,5,19,2987038
0,5,20,2778503
0,5,21,3821478
0,5,22,15161504
0,5,23,44660167
0,5,24,18714991
0,5,25,3243528
0,5,26,3483318
0,5,27,6961120
0,5,28,5605887
0,5,29,10143518
0,5,30,11537222
0,5,31,33446563
0,5,32,10976582
0,5,6,6369531
0,5,7,3920153
0,5,8,2909966
0,5,9,2876566
0,6,10,4370462
0,6,11,36954698
0,6,12,4430678
0,6,13,15618401
0,6,14,4603204
0,6,15,4621284
0,6,16,4373373
0,6,17,4604735
0,6,18,4464998
0,6,19,4514643
0,6,20,4306108
0,6,21,5349082
0,6,22,16689108
0,6,23,46187771
0,6,24,20242596
0,6,25,4771132
0,6,26,5010921
0,6,27,8488724
0,6,28,7133490
0,6,29,11671123
0,6,30,13064827
0,6,31,34974168
0,6,32,12504186
0,6,7,5447757
0,6,8,4437723
0,6,9,4404170
0,7,10,1921082
0,7,11,34505319
0,7,12,1981299
0,7,13,13169021
0,7,14,2153824
0,7,15,2171905
0,7,16,1923994
0,7,17,2155356
0,7,18,2015619
0,7,19,2065263
0,7,20,1856729
0,7,21,2899703
0,7,22,14239729
0,7,23,43738392
0,7,24,17793217
0,7,25,2321753
0,7,26,2561543
0,7,27,6039345
0,7,28,4684112
0,7,29,9221743
0,7,30,10615448
0,7,31,32524789
0,7,32,10054807
0,7,8,1988192
0,7,9,1954791
0,8,10,910896
0,8,11,33495132
0,8,12,971113
0,8,13,12158835
0,8,14,1143638
0,8,15,1161719
0,8,16,913807
0,8,17,1145170
0,8,18,1005432
0,8,19,1055077
0,8,20,846542
0,8,21,1889516
0,8,22,13229543
0,8,23,42728205
0,8,24,16783030
0,8,25,1311566
0,8,26,1551356
0,8,27,5029158
0,8,28,3673925
0,8,29,8211557
0,8,30,9605261
0,8,31,31514602
0,8,32,9044621
0,8,9,944605
0,9,10,877495
0,9,11,33210756
0,9,12,937865
0,9,13,12125587
0,9,14,1110390
0,9,15,1128471
0,9,16,880407
0,9,17,1111921
0,9,18,972032
0,9,19,1021676
0,9,20,813141
0,9,21,1856116
0,9,22,13196142
0,9,23,42694805
0,9,24,16749630
0,9,25,1278166
0,9,26,1517956
0,9,27,4995758
0,9,28,3640525
0,9,29,8178156
0,9,30,9571861
0,9,31,31481201
0,9,32,9011220
10,11,12,33018770
10,11,13,33018770
10,11,14,33018770
10,11,15,33018770
10,11,16,33238949
10,11,17,33018770
10,11,18,33330574
10,11,19,33380219
10,11,20,33171684
10,11,21,34214658
10,11,22,45554685
10,11,23,75053347
10,11,24,49108172
10,11,25,33636708
10,11,26,33876497
10,11,27,37354300
10,11,28,35999066
10,11,29,40536699
10,11,30,41930403
10,11,31,63839744
10,11,32,41369762
10,12,13,11682473
10,12,14,944912
10,12,15,962994
10,12,16,714930
10,12,17,946444
10,12,18,806555
10,12,19,856199
10,12,20,647664
10,12,21,1690639
10,12,22,13030665
10,12,23,42529328
10,12,24,16584152
10,12,25,1112689
10,12,26,1352478
10,12,27,4830281
10,12,28,3475047
10,12,29,8012679
10,12,30,9406383
10,12,31,31315724
10,12,32,8845742
10,13,14,11682473
10,13,15,11682473
10,13,16,11902652
10,13,17,11682473
10,13,18,11994277
10,13,19,12043921
10,13,20,11835386
10,13,21,12878361
10,13,22,24218387
10,13,23,53717050
10,13,24,27771875
10,13,25,12300411
10,13,26,12540201
10,13,27,16018003
10,13,28,14662770
10,13,29,19200401
10,13,30,20594106
10,13,31,42503448
10,13,32,20033465
10,14,15,1135519
10,14,16,887455
10,14,17,1118969
10,14,18,979080
10,14,19,1028724
10,14,20,820189
10,14,21,1863164
10,14,22,13203190
10,14,23,42701853
10,14,24,16756678
10,14,25,1285214
10,14,26,1525003
10,14,27,5002806
10,14,28,3647572
10,14,29,8185204
10,14,30,9578909
10,14,31,31488249
10,14,32,9018267
10,15,16,905536
10,15,17,1137051
10,15,18,997161
10,15,19,1046805
10,15,20,838270
10,15,21,1881245
10,15,22,13221271
10,15,23,42719934
10,15,24,16774758
10,15,25,1303295
10,15,26,1543085
10,15,27,5020887
10,15,28,3665654
10,15,29,8203285
10,15,30,9596989
10,15,31,31506331
10,15,32,9036349
10,16,17,888987
10,16,18,749250
10,16,19,798894
10,16,20,590359
10,16,21,1633334
10,16,22,12973360
10,16,23,42472023
10,16,24,16526847
10,16,25,1055383
10,16,26,1295174
10,16,27,4772976
10,16,28,3417742
10,16,29,7955374
10,16,30,9349078
10,16,31,31258420
10,16,32,8788438
10,17,18,980611
10,17,19,1030255
10,17,20,821720
10,17,21,1864696
10,17,22,13204722
10,17,23,42703385
10,17,24,16758210
10,17,25,1286745
10,17,26,1526535
10,17,27,5004337
10,17,28,3649104
10,17,29,8186736
10,17,30,9580441
10,17,31,31489781
10,17,32,9019799
10,18,19,890671
10,18,20,681984
10,18,21,1725112
10,18,22,13065138
10,18,23,42251843
10,18,24,16618625
10,18,25,1147160
10,18,26,1386950
10,18,27,4864753
10,18,28,3509366
10,18,29,8046999
10,18,30,9440703
10,18,31,31350044
10,18,32,8880215
10,19,20,731628
10,19,21,1774756
10,19,22,13114782
10,19,23,42251843
10,19,24,16668270
10,19,25,1196805
10,19,26,1436595
10,19,27,4914397
10,19,28,3559011
10,19,29,8096643
10,19,30,9490348
10,19,31,31399689
10,19,32,8929859
10,20,21,1566068
10,20,22,12906094
10,20,23,42404757
10,20,24,16459582
10,20,25,988118
10,20,26,1227907
10,20,27,4705710
10,20,28,3350476
10,20,29,7888108
10,20,30,9281813
10,20,31,31191154
10,20,32,8721171
10,21,22,13949222
10,21,23,42251843
10,21,24,17502709
10,21,25,2031245
10,21,26,2271035
10,21,27,5748838
10,21,28,4393452
10,21,29,8931083
10,21,30,10324787
10,21,31,32234128
10,21,32,9764299
10,22,23,42251843
10,22,24,28842735
10,22,25,12753181
10,22,26,13611062
10,22,27,17088864
10,22,28,15733478
10,22,29,20271109
10,22,30,21664813
10,22,31,43574155
10,22,32,21104326
10,23,24,42251843
10,23,25,42251843
10,23,26,43109724
10,23,27,42251843
10,23,28,45232141
10,23,29,49769772
10,23,30,51163476
10,23,31,73072817
10,23,32,42251843
10,24,25,16924759
10,24,26,17164548
10,24,27,16306668
10,24,28,19286965
10,24,29,23824597
10,24,30,25218301
10,24,31,47127642
10,24,32,16306668
10,25,26,1693084
10,25,27,5170886
10,25,28,3815500
10,25,29,8353133
10,25,30,9746837
10,25,31,31656178
10,25,32,9186349
10,26,27,5410676
10,26,28,4055290
10,26,29,8592923
10,26,30,9986627
10,26,31,31895968
10,26,32,9426139
10,27,28,7533092
10,27,29,12070725
10,27,30,13464429
10,27,31,35373770
10,27,32,8568258
10,28,29,10715645
10,28,30,12109348
10,28,31,31038241
10,28,32,11548555
10,29,30,16646981
10,29,31,31038241
10,29,32,16086187
10,30,31,31038241
10,30,32,17479892
10,31,32,39389232
11,12,13,32801503
11,12,14,32801503
11,12,15,32801503
11,12,16,33021683
11,12,17,32801503
11,12,18,33113307
11,12,19,33162951
11,12,20,32954416
11,12,21,33997391
11,12,22,45337418
11,12,23,74836080
11,12,24,48890904
11,12,25,33419440
11,12,26,33659230
11,12,27,37137033
11,12,28,35781799
11,12,29,40319432
11,12,30,41713135
11,12,31,63622477
11,12,32,41152495
11,13,14,32801503
11,13,15,32801503
11,13,16,33021683
11,13,17,32801503
11,13,18,33113307
11,13,19,33162951
11,13,20,32954416
11,13,21,33997391
11,13,22,45337418
11,13,23,74836080
11,13,24,48890904
11,13,25,33419440
11,13,26,33659230
11,13,27,37137033
11,13,28,35781799
11,13,29,40319432
11,13,30,41713135
11,13,31,63622477
11,13,32,41152495
11,14,15,32801503
11,14,16,33021683
11,14,17,32801503
11,14,18,33113307
11,14,19,33162951
11,14,20,32954416
11,14,21,33997391
11,14,22,45337418
11,14,23,74836080
11,14,24,48890904
11,14,25,33419440
11,14,26,33659230
11,14,27,37137033
11,14,28,35781799
11,14,29,40319432
11,14,30,41713135
11,14,31,63622477
11,14,32,41152495
11,15,16,33021683
11,15,17,32801503
11,15,18,33113307
11,15,19,33162951
11,15,20,32954416
11,15,21,33997391
11,15,22,45337418
11,15,23,74836080
11,15,24,48890904
11,15,25,33419440
11,15,26,33659230
11,15,27,37137033
11,15,28,35781799
11,15,29,40319432
11,15,30,41713135
11,15,31,63622477
11,15,32,41152495
11,16,17,33021683
11,16,18,33333486
11,16,19,33383130
11,16,20,33174596
11,16,21,34217570
11,16,22,45557596
11,16,23,75056259
11,16,24,49111084
11,16,25,33639620
11,16,26,33879410
11,16,27,37357212
11,16,28,36001979
11,16,29,40539610
11,16,30,41933315
11,16,31,63842657
11,16,32,41372674
11,17,18,33113307
11,17,19,33162951
11,17,20,32954416
11,17,21,33997391
11,17,22,45337418
11,17,23,74836080
11,17,24,48890904
11,17,25,33419440
11,17,26,33659230
11,17,27,37137033
11,17,28,35781799
11,17,29,40319432
11,17,30,41713135
11,17,31,63622477
11,17,32,41152495
11,18,19,33474907
11,18,20,33266221
11,18,21,34309348
11,18,22,45649374
11,18,23,74836080
11,18,24,49202862
11,18,25,33731397
11,18,26,33971187
11,18,27,37448989
11,18,28,36093603
11,18,29,40631235
11,18,30,42024940
11,18,31,63934281
11,18,32,41464451
11,19,20,33315865
11,19,21,34358992
11,19,22,45699019
11,19,23,74836080
11,19,24,49252506
11,19,25,33781041
11,19,26,34020831
11,19,27,37498633
11,19,28,36143247
11,19,29,40680880
11,19,30,42074584
11,19,31,63983925
11,19,32,41514096
11,20,21,34150305
11,20,22,45490331
11,20,23,74988994
11,20,24,49043818
11,20,25,33572354
11,20,26,33812144
11,20,27,37289947
11,20,28,35934713
11,20,29,40472345
11,20,30,41866049
11,20,31,63775390
11,20,32,41305408
11,21,22,46533458
11,21,23,74836080
11,21,24,50086946
11,21,25,34615482
11,21,26,34855271
11,21,27,38333074
11,21,28,36977688
11,21,29,41515319
11,21,30,42909024
11,21,31,64818365
11,21,32,42348535
11,22,23,74836080
11,22,24,61426972
11,22,25,45337418
11,22,26,46195298
11,22,27,49673100
11,22,28,48317714
11,22,29,52855345
11,22,30,54249050
11,22,31,76158392
11,22,32,53688562
11,23,24,74836080
11,23,25,74836080
11,23,26,75693960
11,23,27,74836080
11,23,28,77816377
11,23,29,82354008
11,23,30,83747713
11,23,31,105657054
11,23,32,74836080
11,24,25,49508996
11,24,26,49748785
11,24,27,48890904
11,24,28,51871202
11,24,29,56408833
11,24,30,57802537
11,24,31,79711878
11,24,32,48890904
11,25,26,34277321
11,25,27,37755123
11,25,28,36399737
11,25,29,40937369
11,25,30,42331074
11,25,31,64240415
11,25,32,41770585
11,26,27,37994913
11,26,28,36639527
11,26,29,41177159
11,26,30,42570864
11,26,31,64480205
11,26,32,42010375
11,27,28,40117329
11,27,29,44654961
11,27,30,46048666
11,27,31,67958007
11,27,32,41152495
11,28,29,43299881
11,28,30,44693585
11,28,31,63622477
11,28,32,44132791
11,29,30,49231217
11,29,31,63622477
11,29,32,48670424
11,30,31,63622477
11,30,32,50064128
11,31,32,71973469
12,13,14,11465205
12,13,15,11465205
12,13,16,11685385
12,13,17,11465205
12,13,18,11777010
12,13,19,11826654
12,13,20,11618120
12,13,21,12661094
12,13,22,24001120
12,13,23,53499783
12,13,24,27554608
12,13,25,12083144
12,13,26,12322933
12,13,27,15800736
12,13,28,14445502
12,13,29,18983134
12,13,30,20376839
12,13,31,42286180
12,13,32,19816197
12,14,15,1195889
12,14,16,947825
12,14,17,1179339
12,14,18,1039449
12,14,19,1089093
12,14,20,880558
12,14,21,1923534
12,14,22,13263560
12,14,23,42762223
12,14,24,16817047
12,14,25,1345583
12,14,26,1585373
12,14,27,5063175
12,14,28,3707942
12,14,29,8245574
12,14,30,9639278
12,14,31,31548619
12,14,32,9078637
12,15,16,965905
12,15,17,1197420
12,15,18,1057530
12,15,19,1107175
12,15,20,898640
12,15,21,1941615
12,15,22,13281641
12,15,23,42780304
12,15,24,16835128
12,15,25,1363664
12,15,26,1603454
12,15,27,5081256
12,15,28,3726023
12,15,29,8263655
12,15,30,9657359
12,15,31,31566700
12,15,32,9096719
12,16,17,949357
12,16,18,809466
12,16,19,859111
12,16,20,650576
12,16,21,1693550
12,16,22,13033576
12,16,23,42532239
12,16,24,16587064
12,16,25,1115600
12,16,26,1355390
12,16,27,4833192
12,16,28,3477959
12,16,29,8015591
12,16,30,9409295
12,16,31,31318637
12,16,32,8848655
12,17,18,1040981
12,17,19,1090625
12,17,20,882090
12,17,21,1925065
12,17,22,13265092
12,17,23,42763754
12,17,24,16818578
12,17,25,1347115
12,17,26,1586905
12,17,27,5064707
12,17,28,3709474
12,17,29,8247106
12,17,30,9640809
12,17,31,31550151
12,17,32,9080169
12,18,19,950888
12,18,20,742201
12,18,21,1785328
12,18,22,13125354
12,18,23,42312060
12,18,24,16678842
12,18,25,1207377
12,18,26,1447167
12,18,27,4924969
12,18,28,3569583
12,18,29,8107216
12,18,30,9500920
12,18,31,31410261
12,18,32,8940432
12,19,20,791845
12,19,21,1834973
12,19,22,13174999
12,19,23,42312060
12,19,24,16728486
12,19,25,1257022
12,19,26,1496812
12,19,27,4974614
12,19,28,3619228
12,19,29,8156860
12,19,30,9550564
12,19,31,31459905
12,19,32,8990076
12,20,21,1626285
12,20,22,12966311
12,20,23,42464974
12,20,24,16519799
12,20,25,1048335
12,20,26,1288124
12,20,27,4765927
12,20,28,3410693
12,20,29,7948325
12,20,30,9342030
12,20,31,31251370
12,20,32,8781388
12,21,22,14009438
12,21,23,42312060
12,21,24,17562926
12,21,25,2091462
12,21,26,2331251
12,21,27,5809054
12,21,28,4453668
12,21,29,8991300
12,21,30,10385004
12,21,31,32294345
12,21,32,9824516
12,22,23,42312060
12,22,24,28902952
12,22,25,12813398
12,22,26,13671278
12,22,27,17149080
12,22,28,15793694
12,22,29,20331326
12,22,30,21725030
12,22,31,43634372
12,22,32,21164543
12,23,24,42312060
12,23,25,42312060
12,23,26,43169940
12,23,27,42312060
12,23,28,45292357
12,23,29,49829989
12,23,30,51223693
12,23,31,73133034
12,23,32,42312060
12,24,25,16984976
12,24,26,17224765
12,24,27,16366884
12,24,28,19347182
12,24,29,23884813
12,24,30,25278518
12,24,31,47187859
12,24,32,16366884
12,25,26,1753301
12,25,27,5231103
12,25,28,3875717
12,25,29,8413349
12,25,30,9807054
12,25,31,31716395
12,25,32,9246565
12,26,27,5470893
12,26,28,4115507
12,26,29,8653140
12,26,30,10046844
12,26,31,31956185
12,26,32,9486356
12,27,28,7593309
12,27,29,12130942
12,27,30,13524646
12,27,31,35433987
12,27,32,8628475
12,28,29,10775862
12,28,30,12169565
12,28,31,31098457
12,28,32,11608772
12,29,30,16707197
12,29,31,31098457
12,29,32,16146404
12,30,31,31098457
12,30,32,17540108
12,31,32,39449449
13,14,15,11465205
13,14,16,11685385
13,14,17,11465205
13,14,18,11777010
13,14,19,11826654
13,14,20,11618120
13,14,21,12661094
13,14,22,24001120
13,14,23,53499783
13,14,24,27554608
13,14,25,12083144
13,14,26,12322933
13,14,27,15800736
13,14,28,14445502
13,14,29,18983134
13,14,30,20376839
13,14,31,42286180
13,14,32,19816197
13,15,16,11685385
13,15,17,11465205
13,15,18,11777010
13,15,19,11826654
13,15,20,11618120
13,15,21,12661094
13,15,22,24001120
13,15,23,53499783
13,15,24,27554608
13,15,25,12083144
13,15,26,12322933
13,15,27,15800736
13,15,28,14445502
13,15,29,18983134
13,15,30,20376839
13,15,31,42286180
13,15,32,19816197
13,16,17,11685385
13,16,18,11997189
13,16,19,12046833
13,16,20,11838298
13,16,21,12881274
13,16,22,24221300
13,16,23,53719963
13,16,24,27774787
13,16,25,12303323
13,16,26,12543113
13,16,27,16020915
13,16,28,14665682
13,16,29,19203314
13,16,30,20597018
13,16,31,42506359
13,16,32,20036377
13,17,18,11777010
13,17,19,11826654
13,17,20,11618120
13,17,21,12661094
13,17,22,24001120
13,17,23,53499783
13,17,24,27554608
13,17,25,12083144
13,17,26,12322933
13,17,27,15800736
13,17,28,14445502
13,17,29,18983134
13,17,30,20376839
13,17,31,42286180
13,17,32,19816197
13,18,19,12138611
13,18,20,11929923
13,18,21,12973051
13,18,22,24313077
13,18,23,53499783
13,18,24,27866564
13,18,25,12395101
13,18,26,12634891
13,18,27,16112693
13,18,28,14757307
13,18,29,19294938
13,18,30,20688642
13,18,31,42597984
13,18,32,20128155
13,19,20,11979568
13,19,21,13022695
13,19,22,24362721
13,19,23,53499783
13,19,24,27916209
13,19,25,12444745
13,19,26,12684535
13,19,27,16162337
13,19,28,14806951
13,19,29,19344582
13,19,30,20738287
13,19,31,42647629
13,19,32,20177799
13,20,21,12814007
13,20,22,24154033
13,20,23,53652696
13,20,24,27707521
13,20,25,12236057
13,20,26,12475847
13,20,27,15953649
13,20,28,14598416
13,20,29,19136047
13,20,30,20529752
13,20,31,42439094
13,20,32,19969111
13,21,22,25197161
13,21,23,53499783
13,21,24,28750648
13,21,25,13279185
13,21,26,13518975
13,21,27,16996777
13,21,28,15641391
13,21,29,20179023
13,21,30,21572726
13,21,31,43482068
13,21,32,21012239
13,22,23,53499783
13,22,24,40090674
13,22,25,24001120
13,22,26,24859001
13,22,27,28336803
13,22,28,26981417
13,22,29,31519049
13,22,30,32912753
13,22,31,54822094
13,22,32,32352265
13,23,24,53499783
13,23,25,53499783
13,23,26,54357664
13,23,27,53499783
13,23,28,56480080
13,23,29,61017712
13,23,30,62411415
13,23,31,84320757
13,23,32,53499783
13,24,25,28172698
13,24,26,28412488
13,24,27,27554608
13,24,28,30534904
13,24,29,35072537
13,24,30,36466240
13,24,31,58375582
13,24,32,27554608
13,25,26,12941024
13,25,27,16418827
13,25,28,15063440
13,25,29,19601072
13,25,30,20994776
13,25,31,42904118
13,25,32,20434289
13,26,27,16658617
13,26,28,15303230
13,26,29,19840862
13,26,30,21234566
13,26,31,43143907
13,26,32,20674078
13,27,28,18781033
13,27,29,23318664
13,27,30,24712368
13,27,31,46621710
13,27,32,19816197
13,28,29,21963584
13,28,30,23357288
13,28,31,42286180
13,28,32,22796495
13,29,30,27894920
13,29,31,42286180
13,29,32,27334126
13,30,31,42286180
13,30,32,28727831
13,31,32,50637172
14,15,16,1138431
14,15,17,1369945
14,15,18,1230056
14,15,19,1279700
14,15,20,1071165
14,15,21,2114140
14,15,22,13454166
14,15,23,42952829
14,15,24,17007653
14,15,25,1536190
14,15,26,1775980
14,15,27,5253782
14,15,28,3898549
14,15,29,8436180
14,15,30,9829884
14,15,31,31739225
14,15,32,9269244
14,16,17,1121882
14,16,18,981992
14,16,19,1031636
14,16,20,823101
14,16,21,1866076
14,16,22,13206102
14,16,23,42704765
14,16,24,16759589
14,16,25,1288125
14,16,26,1527916
14,16,27,5005718
14,16,28,3650484
14,16,29,8188116
14,16,30,9581820
14,16,31,31491162
14,16,32,9021180
14,17,18,1213506
14,17,19,1263150
14,17,20,1054615
14,17,21,2097590
14,17,22,13437617
14,17,23,42936279
14,17,24,16991104
14,17,25,1519640
14,17,26,1759430
14,17,27,5237232
14,17,28,3881999
14,17,29,8419631
14,17,30,9813335
14,17,31,31722676
14,17,32,9252694
14,18,19,1123413
14,18,20,914726
14,18,21,1957854
14,18,22,13297880
14,18,23,42484585
14,18,24,16851367
14,18,25,1379902
14,18,26,1619693
14,18,27,5097495
14,18,28,3742108
14,18,29,8279741
14,18,30,9673445
14,18,31,31582786
14,18,32,9112957
14,19,20,964370
14,19,21,2007498
14,19,22,13347524
14,19,23,42484585
14,19,24,16901012
14,19,25,1429547
14,19,26,1669337
14,19,27,5147139
14,19,28,3791753
14,19,29,8329385
14,19,30,9723090
14,19,31,31632431
14,19,32,9162601
14,20,21,1798810
14,20,22,13138836
14,20,23,42637499
14,20,24,16692324
14,20,25,1220860
14,20,26,1460649
14,20,27,4938452
14,20,28,3583218
14,20,29,8120850
14,20,30,9514555
14,20,31,31423896
14,20,32,8953913
14,21,22,14181964
14,21,23,42484585
14,21,24,17735451
14,21,25,2263987
14,21,26,2503777
14,21,27,5981580
14,21,28,4626194
14,21,29,9163825
14,21,30,10557529
14,21,31,32466870
14,21,32,9997041
14,22,23,42484585
14,22,24,29075477
14,22,25,12985923
14,22,26,13843804
14,22,27,17321606
14,22,28,15966220
14,22,29,20503851
14,22,30,21897555
14,22,31,43806897
14,22,32,21337068
14,23,24,42484585
14,23,25,42484585
14,23,26,43342466
14,23,27,42484585
14,23,28,45464883
14,23,29,50002514
14,23,30,51396218
14,23,31,73305559
14,23,32,42484585
14,24,25,17157501
14,24,26,17397290
14,24,27,16539410
14,24,28,19519707
14,24,29,24057339
14,24,30,25451043
14,24,31,47360384
14,24,32,16539410
14,25,26,1925826
14,25,27,5403628
14,25,28,4048242
14,25,29,8585875
14,25,30,9979579
14,25,31,31888920
14,25,32,9419091
14,26,27,5643418
14,26,28,4288032
14,26,29,8825665
14,26,30,10219369
14,26,31,32128710
14,26,32,9658881
14,27,28,7765834
14,27,29,12303467
14,27,30,13697171
14,27,31,35606512
14,27,32,8801000
14,28,29,10948387
14,28,30,12342090
14,28,31,31270983
14,28,32,11781297
14,29,30,16879723
14,29,31,31270983
14,29,32,16318929
14,30,31,31270983
14,30,32,17712634
14,31,32,39621974
15,16,17,1139963
15,16,18,1000072
15,16,19,1049717
15,16,20,841182
15,16,21,1884157
15,16,22,13224184
15,16,23,42722846
15,16,24,16777671
15,16,25,1306206
15,16,26,1545996
15,16,27,5023798
15,16,28,3668565
15,16,29,8206198
15,16,30,9599902
15,16,31,31509243
15,16,32,9039261
15,17,18,1231588
15,17,19,1281232
15,17,20,1072697
15,17,21,2115672
15,17,22,13455698
15,17,23,42954361
15,17,24,17009185
15,17,25,1537722
15,17,26,1777511
15,17,27,5255314
15,17,28,3900080
15,17,29,8437712
15,17,30,9831416
15,17,31,31740757
15,17,32,9270775
15,18,19,1141495
15,18,20,932807
15,18,21,1975934
15,18,22,13315960
15,18,23,42502667
15,18,24,16869448
15,18,25,1397984
15,18,26,1637774
15,18,27,5115576
15,18,28,3760190
15,18,29,8297822
15,18,30,9691526
15,18,31,31600868
15,18,32,9131039
15,19,20,982451
15,19,21,2025579
15,19,22,13365605
15,19,23,42502667
15,19,24,16919092
15,19,25,1447629
15,19,26,1687419
15,19,27,5165221
15,19,28,3809835
15,19,29,8347466
15,19,30,9741170
15,19,31,31650512
15,19,32,9180683
15,20,21,1816891
15,20,22,13156917
15,20,23,42655580
15,20,24,16710405
15,20,25,1238941
15,20,26,1478731
15,20,27,4956533
15,20,28,3601300
15,20,29,8138931
15,20,30,9532636
15,20,31,31441977
15,20,32,8971995
15,21,22,14200045
15,21,23,42502667
15,21,24,17753532
15,21,25,2282068
15,21,26,2521858
15,21,27,5999660
15,21,28,4644274
15,21,29,9181907
15,21,30,10575610
15,21,31,32484952
15,21,32,10015123
15,22,23,42502667
15,22,24,29093558
15,22,25,13004004
15,22,26,13861884
15,22,27,17339686
15,22,28,15984300
15,22,29,20521933
15,22,30,21915637
15,22,31,43824978
15,22,32,21355149
15,23,24,42502667
15,23,25,42502667
15,23,26,43360547
15,23,27,42502667
15,23,28,45482963
15,23,29,50020596
15,23,30,51414299
15,23,31,73323641
15,23,32,42502667
15,24,25,17175582
15,24,26,17415372
15,24,27,16557492
15,24,28,19537788
15,24,29,24075420
15,24,30,25469124
15,24,31,47378466
15,24,32,16557492
15,25,26,1943908
15,25,27,5421710
15,25,28,4066324
15,25,29,8603956
15,25,30,9997660
15,25,31,31907002
15,25,32,9437173
15,26,27,5661500
15,26,28,4306114
15,26,29,8843746
15,26,30,10237450
15,26,31,32146791
15,26,32,9676962
15,27,28,7783916
15,27,29,12321548
15,27,30,13715252
15,27,31,35624594
15,27,32,8819081
15,28,29,10966468
15,28,30,12360172
15,28,31,31289063
15,28,32,11799379
15,29,30,16897803
15,29,31,31289063
15,29,32,16337010
15,30,31,31289063
15,30,32,17730714
15,31,32,39640055
16,17,18,983524
16,17,19,1033168
16,17,20,824633
16,17,21,1867608
16,17,22,13207634
16,17,23,42706297
16,17,24,16761121
16,17,25,1289657
16,17,26,1529448
16,17,27,5007250
16,17,28,3652016
16,17,29,8189648
16,17,30,9583352
16,17,31,31492693
16,17,32,9022712
16,18,19,893584
16,18,20,684896
16,18,21,1728023
16,18,22,13068049
16,18,23,42254756
16,18,24,16621537
16,18,25,1150073
16,18,26,1389863
16,18,27,4867665
16,18,28,3512279
16,18,29,8049911
16,18,30,9443615
16,18,31,31352957
16,18,32,8883128
16,19,20,734540
16,19,21,1777668
16,19,22,13117694
16,19,23,42254756
16,19,24,16671181
16,19,25,1199717
16,19,26,1439508
16,19,27,4917310
16,19,28,3561924
16,19,29,8099555
16,19,30,9493259
16,19,31,31402601
16,19,32,8932772
16,20,21,1568980
16,20,22,12909006
16,20,23,42407669
16,20,24,16462493
16,20,25,991030
16,20,26,1230820
16,20,27,4708622
16,20,28,3353389
16,20,29,7891020
16,20,30,9284724
16,20,31,31194066
16,20,32,8724084
16,21,22,13952133
16,21,23,42254756
16,21,24,17505621
16,21,25,2034157
16,21,26,2273947
16,21,27,5751749
16,21,28,4396363
16,21,29,8933996
16,21,30,10327699
16,21,31,32237041
16,21,32,9767212
16,22,23,42254756
16,22,24,28845647
16,22,25,12756093
16,22,26,13613973
16,22,27,17091775
16,22,28,15736389
16,22,29,20274022
16,22,30,21667726
16,22,31,43577067
16,22,32,21107238
16,23,24,42254756
16,23,25,42254756
16,23,26,43112636
16,23,27,42254756
16,23,28,45235052
16,23,29,49772685
16,23,30,51166388
16,23,31,73075730
16,23,32,42254756
16,24,25,16927671
16,24,26,17167461
16,24,27,16309580
16,24,28,19289877
16,24,29,23827509
16,24,30,25221213
16,24,31,47130555
16,24,32,16309580
16,25,26,1695997
16,25,27,5173799
16,25,28,3818413
16,25,29,8356044
16,25,30,9749749
16,25,31,31659091
16,25,32,9189261
16,26,27,5413589
16,26,28,4058203
16,26,29,8595834
16,26,30,9989539
16,26,31,31898880
16,26,32,9429050
16,27,28,7536005
16,27,29,12073637
16,27,30,13467341
16,27,31,35376683
16,27,32,8571170
16,28,29,10718556
16,28,30,12112261
16,28,31,31041152
16,28,32,11551467
16,29,30,16649892
16,29,31,31041152
16,29,32,16089099
16,30,31,31041152
16,30,32,17482803
16,31,32,39392144
17,18,19,1124945
17,18,20,916257
17,18,21,1959385
17,18,22,13299412
17,18,23,42486117
17,18,24,16852898
17,18,25,1381434
17,18,26,1621225
17,18,27,5099027
17,18,28,3743640
17,18,29,8281273
17,18,30,9674977
17,18,31,31584318
17,18,32,9114489
17,19,20,965901
17,19,21,2009029
17,19,22,13349056
17,19,23,42486117
17,19,24,16902543
17,19,25,1431079
17,19,26,1670869
17,19,27,5148671
17,19,28,3793285
17,19,29,8330917
17,19,30,9724622
17,19,31,31633963
17,19,32,9164133
17,20,21,1800342
17,20,22,13140368
17,20,23,42639031
17,20,24,16693856
17,20,25,1222391
17,20,26,1462181
17,20,27,4939983
17,20,28,3584750
17,20,29,8122382
17,20,30,9516087
17,20,31,31425428
17,20,32,8955445
17,21,22,14183496
17,21,23,42486117
17,21,24,17736983
17,21,25,2265518
17,21,26,2505309
17,21,27,5983111
17,21,28,4627725
17,21,29,9165357
17,21,30,10559061
17,21,31,32468402
17,21,32,9998573
17,22,23,42486117
17,22,24,29077009
17,22,25,12987454
17,22,26,13845335
17,22,27,17323138
17,22,28,15967752
17,22,29,20505383
17,22,30,21899087
17,22,31,43808428
17,22,32,21338599
17,23,24,42486117
17,23,25,42486117
17,23,26,43343998
17,23,27,42486117
17,23,28,45466414
17,23,29,50004046
17,23,30,51397750
17,23,31,73307091
17,23,32,42486117
17,24,25,17159032
17,24,26,17398822
17,24,27,16540942
17,24,28,19521238
17,24,29,24058871
17,24,30,25452575
17,24,31,47361916
17,24,32,16540942
17,25,26,1927358
17,25,27,5405160
17,25,28,4049774
17,25,29,8587407
17,25,30,9981111
17,25,31,31890452
17,25,32,9420623
17,26,27,5644951
17,26,28,4289564
17,26,29,8827197
17,26,30,10220900
17,26,31,32130242
17,26,32,9660413
17,27,28,7767366
17,27,29,12304999
17,27,30,13698703
17,27,31,35608044
17,27,32,8802532
17,28,29,10949918
17,28,30,12343622
17,28,31,31272515
17,28,32,11782829
17,29,30,16881255
17,29,31,31272515
17,29,32,16320461
17,30,31,31272515
17,30,32,17714165
17,31,32,39623506
18,19,20,826317
18,19,21,1869445
18,19,22,13209472
18,19,23,42034576
18,19,24,16762958
18,19,25,1291494
18,19,26,1531285
18,19,27,5009087
18,19,28,3653701
18,19,29,8191333
18,19,30,9585037
18,19,31,31494378
18,19,32,9024549
18,20,21,1660758
18,20,22,13000784
18,20,23,42187489
18,20,24,16554271
18,20,25,1082807
18,20,26,1322597
18,20,27,4800399
18,20,28,3445013
18,20,29,7982645
18,20,30,9376349
18,20,31,31285690
18,20,32,8815861
18,21,22,14043911
18,21,23,42034576
18,21,24,17597399
18,21,25,2125934
18,21,26,2365724
18,21,27,5843526
18,21,28,4488140
18,21,29,9025773
18,21,30,10419477
18,21,31,32328818
18,21,32,9858989
18,22,23,42034576
18,22,24,28937425
18,22,25,12847870
18,22,26,13705750
18,22,27,17183553
18,22,28,15828167
18,22,29,20365799
18,22,30,21759503
18,22,31,43668844
18,22,32,21199015
18,23,24,42034576
18,23,25,42034576
18,23,26,42892457
18,23,27,42034576
18,23,28,45014873
18,23,29,49552505
18,23,30,50946209
18,23,31,72855550
18,23,32,42034576
18,24,25,17019448
18,24,26,17259238
18,24,27,16401357
18,24,28,19381654
18,24,29,23919286
18,24,30,25312991
18,24,31,47222332
18,24,32,16401357
18,25,26,1787774
18,25,27,5265576
18,25,28,3910190
18,25,29,8447822
18,25,30,9841527
18,25,31,31750868
18,25,32,9281038
18,26,27,5505366
18,26,28,4149980
18,26,29,8687612
18,26,30,10081316
18,26,31,31990658
18,26,32,9520828
18,27,28,7627782
18,27,29,12165415
18,27,30,13559119
18,27,31,35468460
18,27,32,8662948
18,28,29,10810181
18,28,30,12203885
18,28,31,31132777
18,28,32,11643244
18,29,30,16741517
18,29,31,31132777
18,29,32,16180877
18,30,31,31132777
18,30,32,17574580
18,31,32,39483922
19,20,21,1710402
19,20,22,13050428
19,20,23,42187489
19,20,24,16603916
19,20,25,1132451
19,20,26,1372241
19,20,27,4850043
19,20,28,3494657
19,20,29,8032289
19,20,30,9425994
19,20,31,31335335
19,20,32,8865505
19,21,22,14093556
19,21,23,42034576
19,21,24,17647043
19,21,25,2175579
19,21,26,2415369
19,21,27,5893171
19,21,28,4537785
19,21,29,9075417
19,21,30,10469121
19,21,31,32378462
19,21,32,9908633
19,22,23,42034576
19,22,24,28987069
19,22,25,12897514
19,22,26,13755395
19,22,27,17233198
19,22,28,15877812
19,22,29,20415443
19,22,30,21809147
19,22,31,43718488
19,22,32,21248659
19,23,24,42034576
19,23,25,42034576
19,23,26,42892457
19,23,27,42034576
19,23,28,45014873
19,23,29,49552505
19,23,30,50946209
19,23,31,72855550
19,23,32,42034576
19,24,25,17069092
19,24,26,17308882
19,24,27,16451002
19,24,28,19431298
19,24,29,23968931
19,24,30,25362635
19,24,31,47271976
19,24,32,16451002
19,25,26,1837418
19,25,27,5315220
19,25,28,3959834
19,25,29,8497467
19,25,30,9891171
19,25,31,31800512
19,25,32,9330683
19,26,27,5555011
19,26,28,4199624
19,26,29,8737257
19,26,30,10130960
19,26,31,32040302
19,26,32,9570473
19,27,28,7677426
19,27,29,12215059
19,27,30,13608763
19,27,31,35518104
19,27,32,8712592
19,28,29,10859826
19,28,30,12253529
19,28,31,31182422
19,28,32,11692889
19,29,30,16791162
19,29,31,31182422
19,29,32,16230521
19,30,31,31182422
19,30,32,17624225
19,31,32,39533566
1,10,11,33290890
1,10,12,766870
1,10,13,11954592
1,10,14,939395
1,10,15,957476
1,10,16,709565
1,10,17,940927
1,10,18,801190
1,10,19,850834
1,10,20,642299
1,10,21,1685274
1,10,22,13025300
1,10,23,42523963
1,10,24,16578788
1,10,25,1107324
1,10,26,1347114
1,10,27,4824916
1,10,28,3469683
1,10,29,8007314
1,10,30,9401019
1,10,31,31310360
1,10,32,8840378
1,11,12,33073622
1,11,13,33073622
1,11,14,33073622
1,11,15,33073622
1,11,16,33293801
1,11,17,33073622
1,11,18,33385426
1,11,19,33435071
1,11,20,33226536
1,11,21,34269511
1,11,22,45609537
1,11,23,75108200
1,11,24,49163024
1,11,25,33691560
1,11,26,33931350
1,11,27,37409152
1,11,28,36053919
1,11,29,40591551
1,11,30,41985255
1,11,31,63894596
1,11,32,41424615
1,12,13,11737325
1,12,14,999765
1,12,15,1017846
1,12,16,769782
1,12,17,1001296
1,12,18,861407
1,12,19,911051
1,12,20,702516
1,12,21,1745491
1,12,22,13085517
1,12,23,42584180
1,12,24,16639004
1,12,25,1167541
1,12,26,1407331
1,12,27,4885133
1,12,28,3529900
1,12,29,8067531
1,12,30,9461235
1,12,31,31370576
1,12,32,8900595
1,13,14,11737325
1,13,15,11737325
1,13,16,11957505
1,13,17,11737325
1,13,18,12049129
1,13,19,12098773
1,13,20,11890239
1,13,21,12933213
1,13,22,24273240
1,13,23,53771902
1,13,24,27826727
1,13,25,12355263
1,13,26,12595053
1,13,27,16072855
1,13,28,14717622
1,13,29,19255254
1,13,30,20648958
1,13,31,42558300
1,13,32,20088317
1,14,15,1190371
1,14,16,942307
1,14,17,1173821
1,14,18,1033932
1,14,19,1083576
1,14,20,875041
1,14,21,1918016
1,14,22,13258042
1,14,23,42756705
1,14,24,16811530
1,14,25,1340066
1,14,26,1579856
1,14,27,5057658
1,14,28,3702425
1,14,29,8240056
1,14,30,9633761
1,14,31,31543102
1,14,32,9073120
1,15,16,960389
1,15,17,1191903
1,15,18,1052013
1,15,19,1101657
1,15,20,893122
1,15,21,1936097
1,15,22,13276124
1,15,23,42774786
1,15,24,16829610
1,15,25,1358147
1,15,26,1597937
1,15,27,5075739
1,15,28,3720506
1,15,29,8258138
1,15,30,9651841
1,15,31,31561183
1,15,32,9091201
1,16,17,943839
1,16,18,804102
1,16,19,853746
1,16,20,645211
1,16,21,1688186
1,16,22,13028213
1,16,23,42526875
1,16,24,16581699
1,16,25,1110236
1,16,26,1350026
1,16,27,4827828
1,16,28,3472595
1,16,29,8010227
1,16,30,9403930
1,16,31,31313272
1,16,32,8843290
1,17,18,1035464
1,17,19,1085108
1,17,20,876573
1,17,21,1919548
1,17,22,13259574
1,17,23,42758237
1,17,24,16813062
1,17,25,1341598
1,17,26,1581387
1,17,27,5059190
1,17,28,3703956
1,17,29,8241588
1,17,30,9635293
1,17,31,31544634
1,17,32,9074651
1,18,19,945524
1,18,20,736836
1,18,21,1779964
1,18,22,13119990
1,18,23,42306696
1,18,24,16673477
1,18,25,1202013
1,18,26,1441803
1,18,27,4919606
1,18,28,3564220
1,18,29,8101851
1,18,30,9495555
1,18,31,31404896
1,18,32,8935067
1,19,20,786481
1,19,21,1829608
1,19,22,13169634
1,19,23,42306696
1,19,24,16723122
1,19,25,1251658
1,19,26,1491447
1,19,27,4969250
1,19,28,3613864
1,19,29,8151495
1,19,30,9545200
1,19,31,31454541
1,19,32,8984711
1,20,21,1620920
1,20,22,12960946
1,20,23,42459609
1,20,24,16514434
1,20,25,1042970
1,20,26,1282760
1,20,27,4760562
1,20,28,3405329
1,20,29,7942960
1,20,30,9336665
1,20,31,31246006
1,20,32,8776024
1,21,22,14004074
1,21,23,42306696
1,21,24,17557561
1,21,25,2086098
1,21,26,2325888
1,21,27,5803690
1,21,28,4448304
1,21,29,8985935
1,21,30,10379639
1,21,31,32288981
1,21,32,9819152
1,22,23,42306696
1,22,24,28897587
1,22,25,12808033
1,22,26,13665914
1,22,27,17143716
1,22,28,15788330
1,22,29,20325962
1,22,30,21719665
1,22,31,43629007
1,22,32,21159178
1,23,24,42306696
1,23,25,42306696
1,23,26,43164577
1,23,27,42306696
1,23,28,45286993
1,23,29,49824624
1,23,30,51218328
1,23,31,73127670
1,23,32,42306696
1,24,25,16979611
1,24,26,17219401
1,24,27,16361521
1,24,28,19341817
1,24,29,23879449
1,24,30,25273153
1,24,31,47182495
1,24,32,16361521
1,25,26,1747936
1,25,27,5225739
1,25,28,3870353
1,25,29,8407985
1,25,30,9801689
1,25,31,31711030
1,25,32,9241201
1,26,27,5465529
1,26,28,4110142
1,26,29,8647775
1,26,30,10041479
1,26,31,31950820
1,26,32,9480991
1,27,28,7587946
1,27,29,12125577
1,27,30,13519281
1,27,31,35428622
1,27,32,8623110
1,28,29,10770497
1,28,30,12164201
1,28,31,31093093
1,28,32,11603407
1,29,30,16701833
1,29,31,31093093
1,29,32,16141039
1,2,10,10827641
1,2,11,43411877
1,2,12,10887858
1,2,13,22075580
1,2,14,11060383
1,2,15,11078464
1,2,16,10830553
1,2,17,11061915
1,2,18,10922178
1,2,19,10971822
1,2,20,10763287
1,2,21,11806262
1,2,22,23146288
1,2,23,52644951
1,2,24,26699775
1,2,25,11228311
1,2,26,11468101
1,2,27,14945904
1,2,28,13590670
1,2,29,18128302
1,2,3,18686931
1,2,30,19522006
1,2,31,41431348
1,2,32,18961366
1,2,4,10889847
1,2,5,10610374
1,2,6,14354316
1,2,7,11904937
1,2,8,10894750
1,2,9,10861350
1,30,31,31093093
1,30,32,17534744
1,31,32,39444084
1,3,10,8565943
1,3,11,41150180
1,3,12,8626160
1,3,13,19813883
1,3,14,8798685
1,3,15,8816767
1,3,16,8568856
1,3,17,8800217
1,3,18,8660480
1,3,19,8710124
1,3,20,8501589
1,3,21,9544564
1,3,22,20884591
1,3,23,50383253
1,3,24,24438078
1,3,25,8966614
1,3,26,9206404
1,3,27,12684206
1,3,28,11328973
1,3,29,15866605
1,3,30,17260309
1,3,31,39169650
1,3,32,16699668
1,3,4,8628149
1,3,5,10565014
1,3,6,8348676
1,3,7,9643239
1,3,8,8348676
1,3,9,8599652
1,4,10,768858
1,4,11,33353095
1,4,12,829075
1,4,13,12016798
1,4,14,1001600
1,4,15,1019682
1,4,16,771771
1,4,17,1003132
1,4,18,863395
1,4,19,913039
1,4,20,704505
1,4,21,1747480
1,4,22,13087506
1,4,23,42586169
1,4,24,16640994
1,4,25,1169529
1,4,26,1409319
1,4,27,4887121
1,4,28,3531888
1,4,29,8069520
1,4,30,9463225
1,4,31,31372566
1,4,32,8902583
1,4,5,2767929
1,4,6,4295534
1,4,7,1846154
1,4,8,835968
1,4,9,802567
1,5,10,2705724
1,5,11,35289961
1,5,12,2765941
1,5,13,13953663
1,5,14,2938466
1,5,15,2956547
1,5,16,2708636
1,5,17,2939997
1,5,18,2800261
1,5,19,2849905
1,5,20,2641370
1,5,21,3684345
1,5,22,15024371
1,5,23,44523034
1,5,24,18577858
1,5,25,3106395
1,5,26,3346184
1,5,27,6823987
1,5,28,5468753
1,5,29,10006385
1,5,30,11400089
1,5,31,33309430
1,5,32,10839448
1,5,6,6232398
1,5,7,3783019
1,5,8,2772832
1,5,9,2739432
1,6,10,4233328
1,6,11,36817564
1,6,12,4293544
1,6,13,15481268
1,6,14,4466070
1,6,15,4484151
1,6,16,4236240
1,6,17,4467602
1,6,18,4327864
1,6,19,4377509
1,6,20,4168974
1,6,21,5211949
1,6,22,16551975
1,6,23,46050638
1,6,24,20105463
1,6,25,4633998
1,6,26,4873788
1,6,27,8351590
1,6,28,6996357
1,6,29,11533990
1,6,30,12927694
1,6,31,34837035
1,6,32,12367053
1,6,7,5310624
1,6,8,4300590
1,6,9,4267037
1,7,10,1783949
1,7,11,34368186
1,7,12,1844166
1,7,13,13031888
1,7,14,2016691
1,7,15,2034772
1,7,16,1786861
1,7,17,2018222
1,7,18,1878486
1,7,19,1928130
1,7,20,1719596
1,7,21,2762570
1,7,22,14102596
1,7,23,43601259
1,7,24,17656084
1,7,25,2184620
1,7,26,2424409
1,7,27,5902212
1,7,28,4546978
1,7,29,9084610
1,7,30,10478315
1,7,31,32387656
1,7,32,9917673
1,7,8,1851058
1,7,9,1817657
1,8,10,773763
1,8,11,33357999
1,8,12,833980
1,8,13,12021702
1,8,14,1006505
1,8,15,1024586
1,8,16,776674
1,8,17,1008036
1,8,18,868299
1,8,19,917944
1,8,20,709409
1,8,21,1752383
1,8,22,13092410
1,8,23,42591072
1,8,24,16645897
1,8,25,1174433
1,8,26,1414222
1,8,27,4892025
1,8,28,3536791
1,8,29,8074424
1,8,30,9468128
1,8,31,31377469
1,8,32,8907487
1,8,9,807471
1,9,10,740362
1,9,11,33073622
1,9,12,800731
1,9,13,11988454
1,9,14,973256
1,9,15,991338
1,9,16,743274
1,9,17,974788
1,9,18,834899
1,9,19,884543
1,9,20,676008
1,9,21,1718983
1,9,22,13059009
1,9,23,42557672
1,9,24,16612497
1,9,25,1141033
1,9,26,1380822
1,9,27,4858625
1,9,28,3503391
1,9,29,8041023
1,9,30,9434728
1,9,31,31344068
1,9,32,8874086
20,21,22,13884868
20,21,23,42187489
20,21,24,17438356
20,21,25,1966892
20,21,26,2206681
20,21,27,5684484
20,21,28,4329098
20,21,29,8866729
20,21,30,10260433
20,21,31,32169774
20,21,32,9699945
20,22,23,42187489
20,22,24,28778382
20,22,25,12688827
20,22,26,13546708
20,22,27,17024510
20,22,28,15669124
20,22,29,20206755
20,22,30,21600460
20,22,31,43509801
20,22,32,21039972
20,23,24,42187489
20,23,25,42187489
20,23,26,43045370
20,23,27,42187489
20,23,28,45167787
20,23,29,49705418
20,23,30,51099122
20,23,31,73008463
20,23,32,42187489
20,24,25,16860405
20,24,26,17100194
20,24,27,16242314
20,24,28,19222611
20,24,29,23760243
20,24,30,25153947
20,24,31,47063288
20,24,32,16242314
20,25,26,1628731
20,25,27,5106533
20,25,28,3751147
20,25,29,8288779
20,25,30,9682483
20,25,31,31591824
20,25,32,9121995
20,26,27,5346323
20,26,28,3990937
20,26,29,8528569
20,26,30,9922273
20,26,31,31831614
20,26,32,9361785
20,27,28,7468739
20,27,29,12006371
20,27,30,13400075
20,27,31,35309416
20,27,32,8503904
20,28,29,10651291
20,28,30,12044994
20,28,31,30973887
20,28,32,11484201
20,29,30,16582627
20,29,31,30973887
20,29,32,16021833
20,30,31,30973887
20,30,32,17415538
20,31,32,39324879
21,22,23,42034576
21,22,24,29821509
21,22,25,13731955
21,22,26,14589835
21,22,27,18067637
21,22,28,16712251
21,22,29,21249883
21,22,30,22643587
21,22,31,44552929
21,22,32,22083100
21,23,24,42034576
21,23,25,42034576
21,23,26,42892457
21,23,27,42034576
21,23,28,45014873
21,23,29,49552505
21,23,30,50946209
21,23,31,72855550
21,23,32,42034576
21,24,25,17903533
21,24,26,18143322
21,24,27,17285441
21,24,28,20265739
21,24,29,24803370
21,24,30,26197075
21,24,31,48106416
21,24,32,17285441
21,25,26,2671858
21,25,27,6149660
21,25,28,4794274
21,25,29,9331906
21,25,30,10725611
21,25,31,32634952
21,25,32,10165122
21,26,27,6389450
21,26,28,5034064
21,26,29,9571696
21,26,30,10965401
21,26,31,32874742
21,26,32,10404912
21,27,28,8511866
21,27,29,13049499
21,27,30,14443203
21,27,31,36352544
21,27,32,9547032
21,28,29,11694265
21,28,30,13087970
21,28,31,32016861
21,28,32,12527328
21,29,30,17625601
21,29,31,32016861
21,29,32,17064961
21,30,31,32016861
21,30,32,18458665
21,31,32,40368006
22,23,24,42034576
22,23,25,42034576
22,23,26,42892457
22,23,27,42034576
22,23,28,45014873
22,23,29,49552505
22,23,30,50946209
22,23,31,72855550
22,23,32,42034576
22,24,25,28625468
22,24,26,29483349
22,24,27,28625468
22,24,28,31605765
22,24,29,36143396
22,24,30,37537101
22,24,31,59446443
22,24,32,28625468
22,25,26,13393794
22,25,27,16871596
22,25,28,15516210
22,25,29,20053842
22,25,30,21447546
22,25,31,43356887
22,25,32,20887058
22,26,27,17729476
22,26,28,16374090
22,26,29,20911723
22,26,30,22305427
22,26,31,44214768
22,26,32,21744939
22,27,28,19851893
22,27,29,24389525
22,27,30,25783229
22,27,31,47692570
22,27,32,20887058
22,28,29,23034292
22,28,30,24427996
22,28,31,43356887
22,28,32,23867355
22,29,30,28965627
22,29,31,43356887
22,29,32,28404987
22,30,31,43356887
22,30,32,29798691
22,31,32,51708032
23,24,25,42034576
23,24,26,42892457
23,24,27,42034576
23,24,28,45014873
23,24,29,49552505
23,24,30,50946209
23,24,31,72855550
23,24,32,42034576
23,25,26,42892457
23,25,27,42034576
23,25,28,45014873
23,25,29,49552505
23,25,30,50946209
23,25,31,72855550
23,25,32,42034576
23,26,27,42892457
23,26,28,45872753
23,26,29,50410385
23,26,30,51804090
23,26,31,73713431
23,26,32,42892457
23,27,28,45014873
23,27,29,49552505
23,27,30,50946209
23,27,31,72855550
23,27,32,42034576
23,28,29,52532954
23,28,30,53926659
23,28,31,72855550
23,28,32,45014873
23,29,30,58464290
23,29,31,72855550
23,29,32,49552505
23,30,31,72855550
23,30,32,50946209
23,31,32,72855550
24,25,26,17565372
24,25,27,16707491
24,25,28,19687788
24,25,29,24225420
24,25,30,25619124
24,25,31,47528465
24,25,32,16707491
24,26,27,16947281
24,26,28,19927578
24,26,29,24465210
24,26,30,25858915
24,26,31,47768255
24,26,32,16947281
24,27,28,19069697
24,27,29,23607330
24,27,30,25001034
24,27,31,46910375
24,27,32,16089401
24,28,29,26587779
24,28,30,27981484
24,28,31,46910375
24,28,32,19069697
24,29,30,32519115
24,29,31,46910375
24,29,32,23607330
24,30,31,46910375
24,30,32,25001034
24,31,32,46910375
25,26,27,5811500
25,26,28,4456114
25,26,29,8993746
25,26,30,10387450
25,26,31,32296792
25,26,32,9826962
25,27,28,7933916
25,27,29,12471548
25,27,30,13865253
25,27,31,35774594
25,27,32,8969082
25,28,29,11116315
25,28,30,12510019
25,28,31,31438911
25,28,32,11949378
25,29,30,17047651
25,29,31,31438911
25,29,32,16487011
25,30,31,31438911
25,30,32,17880714
25,31,32,39790056
26,27,28,8173706
26,27,29,12711338
26,27,30,14105042
26,27,31,36014384
26,27,32,9208872
26,28,29,11356104
26,28,30,12749809
26,28,31,31678701
26,28,32,12189168
26,29,30,17287441
26,29,31,31678701
26,29,32,16726800
26,30,31,31678701
26,30,32,18120504
26,31,32,40029846
27,28,29,14833907
27,28,30,16227611
27,28,31,35156503
27,28,32,11331288
27,29,30,20765243
27,29,31,35156503
27,29,32,15868919
27,30,31,35156503
27,30,32,17262624
27,31,32,39171966
28,29,30,19410163
28,29,31,30820973
28,29,32,18849369
28,30,31,30820973
28,30,32,20243073
28,31,32,39171966
29,30,31,30820973
29,30,32,24780705
29,31,32,39171966
2,10,11,43629144
2,10,12,11105125
2,10,13,22292848
2,10,14,11277650
2,10,15,11295732
2,10,16,11047820
2,10,17,11279182
2,10,18,11139444
2,10,19,11189089
2,10,20,10980554
2,10,21,12023529
2,10,22,23363556
2,10,23,52862218
2,10,24,26917043
2,10,25,11445578
2,10,26,11685368
2,10,27,15163170
2,10,28,13807937
2,10,29,18345570
2,10,30,19739274
2,10,31,41648615
2,10,32,19178633
2,11,12,43411877
2,11,13,43411877
2,11,14,43411877
2,11,15,43411877
2,11,16,43632057
2,11,17,43411877
2,11,18,43723681
2,11,19,43773325
2,11,20,43564790
2,11,21,44607766
2,11,22,55947792
2,11,23,85446455
2,11,24,59501280
2,11,25,44029815
2,11,26,44269605
2,11,27,47747407
2,11,28,46392174
2,11,29,50929806
2,11,30,52323511
2,11,31,74232852
2,11,32,51762869
2,12,13,22075580
2,12,14,11338020
2,12,15,11356101
2,12,16,11108037
2,12,17,11339552
2,12,18,11199661
2,12,19,11249306
2,12,20,11040771
2,12,21,12083746
2,12,22,23423772
2,12,23,52922435
2,12,24,26977260
2,12,25,11505795
2,12,26,11745585
2,12,27,15223387
2,12,28,13868154
2,12,29,18405786
2,12,30,19799491
2,12,31,41708832
2,12,32,19238849
2,13,14,22075580
2,13,15,22075580
2,13,16,22295760
2,13,17,22075580
2,13,18,22387385
2,13,19,22437029
2,13,20,22228494
2,13,21,23271469
2,13,22,34611495
2,13,23,64110158
2,13,24,38164982
2,13,25,22693518
2,13,26,22933308
2,13,27,26411111
2,13,28,25055877
2,13,29,29593509
2,13,30,30987213
2,13,31,52896554
2,13,32,30426573
2,14,15,11528627
2,14,16,11280562
2,14,17,11512077
2,14,18,11372186
2,14,19,11421831
2,14,20,11213296
2,14,21,12256271
2,14,22,23596298
2,14,23,53094960
2,14,24,27149785
2,14,25,11678320
2,14,26,11918110
2,14,27,15395912
2,14,28,14040679
2,14,29,18578312
2,14,30,19972016
2,14,31,41881357
2,14,32,19411375
2,15,16,11298643
2,15,17,11530158
2,15,18,11390268
2,15,19,11439913
2,15,20,11231378
2,15,21,12274352
2,15,22,23614378
2,15,23,53113041
2,15,24,27167866
2,15,25,11696402
2,15,26,11936192
2,15,27,15413994
2,15,28,14058761
2,15,29,18596393
2,15,30,19990097
2,15,31,41899438
2,15,32,19429457
2,16,17,11282094
2,16,18,11142357
2,16,19,11192001
2,16,20,10983467
2,16,21,12026441
2,16,22,23366467
2,16,23,52865130
2,16,24,26919955
2,16,25,11448491
2,16,26,11688281
2,16,27,15166083
2,16,28,13810850
2,16,29,18348481
2,16,30,19742186
2,16,31,41651527
2,16,32,19181545
2,17,18,11373718
2,17,19,11423363
2,17,20,11214828
2,17,21,12257802
2,17,22,23597830
2,17,23,53096491
2,17,24,27151316
2,17,25,11679852
2,17,26,11919642
2,17,27,15397444
2,17,28,14042211
2,17,29,18579844
2,17,30,19973547
2,17,31,41882889
2,17,32,19412907
2,18,19,11283778
2,18,20,11075091
2,18,21,12118218
2,18,22,23458245
2,18,23,52644951
2,18,24,27011732
2,18,25,11540268
2,18,26,11780058
2,18,27,15257860
2,18,28,13902474
2,18,29,18440106
2,18,30,19833811
2,18,31,41743152
2,18,32,19273322
2,19,20,11124735
2,19,21,12167863
2,19,22,23507890
2,19,23,52644951
2,19,24,27061376
2,19,25,11589912
2,19,26,11829702
2,19,27,15307504
2,19,28,13952118
2,19,29,18489751
2,19,30,19883455
2,19,31,41792796
2,19,32,19322967
2,20,21,11959176
2,20,22,23299202
2,20,23,52797865
2,20,24,26852689
2,20,25,11381225
2,20,26,11621015
2,20,27,15098817
2,20,28,13743584
2,20,29,18281216
2,20,30,19674920
2,20,31,41584261
2,20,32,19114279
2,21,22,24342329
2,21,23,52644951
2,21,24,27895817
2,21,25,12424352
2,21,26,12664142
2,21,27,16141944
2,21,28,14786558
2,21,29,19324190
2,21,30,20717895
2,21,31,42627236
2,21,32,20157406
2,22,23,52644951
2,22,24,39235843
2,22,25,23146288
2,22,26,24004168
2,22,27,27481971
2,22,28,26126585
2,22,29,30664217
2,22,30,32057921
2,22,31,53967262
2,22,32,31497433
2,23,24,52644951
2,23,25,52644951
2,23,26,53502831
2,23,27,52644951
2,23,28,55625247
2,23,29,60162879
2,23,30,61556584
2,23,31,83465925
2,23,32,52644951
2,24,25,27317866
2,24,26,27557656
2,24,27,26699775
2,24,28,29680072
2,24,29,34217704
2,24,30,35611408
2,24,31,57520749
2,24,32,26699775
2,25,26,12086192
2,25,27,15563994
2,25,28,14208608
2,25,29,18746240
2,25,30,20139945
2,25,31,42049286
2,25,32,19579456
2,26,27,15803784
2,26,28,14448398
2,26,29,18986030
2,26,30,20379734
2,26,31,42289076
2,26,32,19819246
2,27,28,17926200
2,27,29,22463832
2,27,30,23857537
2,27,31,45766878
2,27,32,18961366
2,28,29,21108751
2,28,30,22502456
2,28,31,41431348
2,28,32,21941662
2,29,30,27040088
2,29,31,41431348
2,29,32,26479295
2,30,31,41431348
2,30,32,27872998
2,31,32,49782340
2,3,10,18904199
2,3,11,51488435
2,3,12,18964415
2,3,13,30152138
2,3,14,19136941
2,3,15,19155022
2,3,16,18907110
2,3,17,19138473
2,3,18,18998735
2,3,19,19048380
2,3,20,18839845
2,3,21,19882819
2,3,22,31222845
2,3,23,60721508
2,3,24,34776333
2,3,25,19304869
2,3,26,19544659
2,3,27,23022461
2,3,28,21667228
2,3,29,26204860
2,3,30,27598564
2,3,31,49507905
2,3,32,27037924
2,3,4,18966404
2,3,5,18686931
2,3,6,18686931
2,3,7,19981495
2,3,8,18686931
2,3,9,18937908
2,4,10,11107114
2,4,11,43691350
2,4,12,11167331
2,4,13,22355053
2,4,14,11339856
2,4,15,11357937
2,4,16,11110026
2,4,17,11341388
2,4,18,11201651
2,4,19,11251295
2,4,20,11042760
2,4,21,12085735
2,4,22,23425761
2,4,23,52924424
2,4,24,26979248
2,4,25,11507784
2,4,26,11747574
2,4,27,15225377
2,4,28,13870143
2,4,29,18407775
2,4,30,19801479
2,4,31,41710821
2,4,32,19240839
2,4,5,10889847
2,4,6,14633789
2,4,7,12184410
2,4,8,11174223
2,4,9,11140823
2,5,10,10827641
2,5,11,43411877
2,5,12,10887858
2,5,13,22075580
2,5,14,11060383
2,5,15,11078464
2,5,16,10830553
2,5,17,11061915
2,5,18,10922178
2,5,19,10971822
2,5,20,10763287
2,5,21,11806262
2,5,22,23146288
2,5,23,52644951
2,5,24,26699775
2,5,25,11228311
2,5,26,11468101
2,5,27,14945904
2,5,28,13590670
2,5,29,18128302
2,5,30,19522006
2,5,31,41431348
2,5,32,18961366
2,5,6,14354316
2,5,7,11904937
2,5,8,10894750
2,5,9,10861350
2,6,10,14571583
2,6,11,47155820
2,6,12,14631800
2,6,13,25819522
2,6,14,14804325
2,6,15,14822406
2,6,16,14574495
2,6,17,14805857
2,6,18,14666120
2,6,19,14715764
2,6,20,14507229
2,6,21,15550204
2,6,22,26890230
2,6,23,56388893
2,6,24,30443718
2,6,25,14972254
2,6,26,15212044
2,6,27,18689846
2,6,28,17334613
2,6,29,21872244
2,6,30,23265949
2,6,31,45175290
2,6,32,22705308
2,6,7,15648879
2,6,8,14638846
2,6,9,14605292
2,7,10,12122204
2,7,11,44706440
2,7,12,12182421
2,7,13,23370144
2,7,14,12354946
2,7,15,12373028
2,7,16,12125117
2,7,17,12356478
2,7,18,12216741
2,7,19,12266385
2,7,20,12057850
2,7,21,13100825
2,7,22,24440852
2,7,23,53939514
2,7,24,27994338
2,7,25,12522874
2,7,26,12762664
2,7,27,16240467
2,7,28,14885233
2,7,29,19422866
2,7,30,20816569
2,7,31,42725911
2,7,32,20255929
2,7,8,12189313
2,7,9,12155913
2,8,10,11112017
2,8,11,43696254
2,8,12,11172234
2,8,13,22359957
2,8,14,11344759
2,8,15,11362841
2,8,16,11114930
2,8,17,11346291
2,8,18,11206554
2,8,19,11256198
2,8,20,11047663
2,8,21,12090638
2,8,22,23430665
2,8,23,52929327
2,8,24,26984152
2,8,25,11512688
2,8,26,11752478
2,8,27,15230280
2,8,28,13875047
2,8,29,18412679
2,8,30,19806383
2,8,31,41715724
2,8,32,19245742
2,8,9,11145726
2,9,10,11078617
2,9,11,43411877
2,9,12,11138986
2,9,13,22326709
2,9,14,11311512
2,9,15,11329592
2,9,16,11081529
2,9,17,11313044
2,9,18,11173153
2,9,19,11222798
2,9,20,11014263
2,9,21,12057237
2,9,22,23397264
2,9,23,52895926
2,9,24,26950751
2,9,25,11479287
2,9,26,11719077
2,9,27,15196879
2,9,28,13841646
2,9,29,18379279
2,9,30,19772982
2,9,31,41682324
2,9,32,19212342
30,31,32,39171966
3,10,11,41095328
3,10,12,8571308
3,10,13,19759030
3,10,14,8743833
3,10,15,8761914
3,10,16,8514003
3,10,17,8745365
3,10,18,8605628
3,10,19,8655272
3,10,20,8446737
3,10,21,9489712
3,10,22,20829738
3,10,23,50328401
3,10,24,24383226
3,10,25,8911762
3,10,26,9151552
3,10,27,12629354
3,10,28,11274121
3,10,29,15811752
3,10,30,17205456
3,10,31,39114798
3,10,32,16644816
3,11,12,40878061
3,11,13,40878061
3,11,14,40878061
3,11,15,40878061
3,11,16,41098239
3,11,17,40878061
3,11,18,41189864
3,11,19,41239509
3,11,20,41030974
3,11,21,42073948
3,11,22,53413974
3,11,23,82912637
3,11,24,56967462
3,11,25,41495998
3,11,26,41735788
3,11,27,45213590
3,11,28,43858357
3,11,29,48395989
3,11,30,49789693
3,11,31,71699035
3,11,32,49229053
3,12,13,19541763
3,12,14,8804203
3,12,15,8822284
3,12,16,8574220
3,12,17,8805735
3,12,18,8665845
3,12,19,8715489
3,12,20,8506954
3,12,21,9549929
3,12,22,20889955
3,12,23,50388618
3,12,24,24443442
3,12,25,8971978
3,12,26,9211769
3,12,27,12689571
3,12,28,11334337
3,12,29,15871969
3,12,30,17265673
3,12,31,39175015
3,12,32,16705033
3,13,14,19541763
3,13,15,19541763
3,13,16,19761943
3,13,17,19541763
3,13,18,19853567
3,13,19,19903211
3,13,20,19694676
3,13,21,20737652
3,13,22,32077678
3,13,23,61576341
3,13,24,35631166
3,13,25,20159701
3,13,26,20399491
3,13,27,23877293
3,13,28,22522060
3,13,29,27059692
3,13,30,28453397
3,13,31,50362737
3,13,32,27892755
3,14,15,8994809
3,14,16,8746745
3,14,17,8978260
3,14,18,8838370
3,14,19,8888014
3,14,20,8679479
3,14,21,9722454
3,14,22,21062480
3,14,23,50561143
3,14,24,24615968
3,14,25,9144504
3,14,26,9384294
3,14,27,12862096
3,14,28,11506863
3,14,29,16044494
3,14,30,17438199
3,14,31,39347540
3,14,32,16877558
3,15,16,8764827
3,15,17,8996341
3,15,18,8856451
3,15,19,8906095
3,15,20,8697560
3,15,21,9740536
3,15,22,21080562
3,15,23,50579225
3,15,24,24634049
3,15,25,9162585
3,15,26,9402375
3,15,27,12880177
3,15,28,11524944
3,15,29,16062576
3,15,30,17456280
3,15,31,39365621
3,15,32,16895639
3,16,17,8748277
3,16,18,8608540
3,16,19,8658184
3,16,20,8449649
3,16,21,9492625
3,16,22,20832651
3,16,23,50331314
3,16,24,24386138
3,16,25,8914673
3,16,26,9154463
3,16,27,12632266
3,16,28,11277032
3,16,29,15814665
3,16,30,17208369
3,16,31,39117710
3,16,32,16647728
3,17,18,8839902
3,17,19,8889546
3,17,20,8681011
3,17,21,9723986
3,17,22,21064012
3,17,23,50562675
3,17,24,24617500
3,17,25,9146036
3,17,26,9385826
3,17,27,12863628
3,17,28,11508395
3,17,29,16046026
3,17,30,17439731
3,17,31,39349071
3,17,32,16879090
3,18,19,8749962
3,18,20,8541274
3,18,21,9584402
3,18,22,20924428
3,18,23,50111134
3,18,24,24477915
3,18,25,9006451
3,18,26,9246241
3,18,27,12724043
3,18,28,11368657
3,18,29,15906289
3,18,30,17299993
3,18,31,39209335
3,18,32,16739506
3,19,20,8590918
3,19,21,9634046
3,19,22,20974072
3,19,23,50111134
3,19,24,24527560
3,19,25,9056096
3,19,26,9295886
3,19,27,12773688
3,19,28,11418302
3,19,29,15955933
3,19,30,17349638
3,19,31,39258979
3,19,32,16789150
3,20,21,9425358
3,20,22,20765384
3,20,23,50264047
3,20,24,24318872
3,20,25,8847408
3,20,26,9087198
3,20,27,12565000
3,20,28,11209767
3,20,29,15747398
3,20,30,17141103
3,20,31,39050445
3,20,32,16580462
3,21,22,21808512
3,21,23,50111134
3,21,24,25361999
3,21,25,9890535
3,21,26,10130325
3,21,27,13608128
3,21,28,12252741
3,21,29,16790374
3,21,30,18184077
3,21,31,40093419
3,21,32,17623590
3,22,23,50111134
3,22,24,36702025
3,22,25,20612471
3,22,26,21470352
3,22,27,24948154
3,22,28,23592768
3,22,29,28130400
3,22,30,29524104
3,22,31,51433445
3,22,32,28963616
3,23,24,50111134
3,23,25,50111134
3,23,26,50969014
3,23,27,50111134
3,23,28,53091430
3,23,29,57629063
3,23,30,59022766
3,23,31,80932108
3,23,32,50111134
3,24,25,24784049
3,24,26,25023839
3,24,27,24165959
3,24,28,27146255
3,24,29,31683887
3,24,30,33077591
3,24,31,54986933
3,24,32,24165959
3,25,26,9552375
3,25,27,13030177
3,25,28,11674791
3,25,29,16212423
3,25,30,17606127
3,25,31,39515469
3,25,32,17045640
3,26,27,13269967
3,26,28,11914581
3,26,29,16452213
3,26,30,17845917
3,26,31,39755258
3,26,32,17285429
3,27,28,15392383
3,27,29,19930015
3,27,30,21323719
3,27,31,43233061
3,27,32,16427548
3,28,29,18574935
3,28,30,19968639
3,28,31,38897531
3,28,32,19407846
3,29,30,24506270
3,29,31,38897531
3,29,32,23945477
3,30,31,38897531
3,30,32,25339181
3,31,32,47248522
3,4,10,8573297
3,4,11,41157534
3,4,12,8633514
3,4,13,19821236
3,4,14,8806039
3,4,15,8824120
3,4,16,8576209
3,4,17,8807570
3,4,18,8667834
3,4,19,8717478
3,4,20,8508943
3,4,21,9551918
3,4,22,20891944
3,4,23,50390607
3,4,24,24445432
3,4,25,8973968
3,4,26,9213757
3,4,27,12691560
3,4,28,11336326
3,4,29,15873958
3,4,30,17267663
3,4,31,39177004
3,4,32,16707021
3,4,5,10572215
3,4,6,8356029
3,4,7,9650592
3,4,8,8356029
3,4,9,8607005
3,5,10,10510009
3,5,11,43094245
3,5,12,10570226
3,5,13,21757948
3,5,14,10742751
3,5,15,10760832
3,5,16,10512921
3,5,17,10744283
3,5,18,10604546
3,5,19,10654190
3,5,20,10445655
3,5,21,11488630
3,5,22,22828656
3,5,23,52327319
3,5,24,26382143
3,5,25,10910679
3,5,26,11150469
3,5,27,14628272
3,5,28,13273038
3,5,29,17810670
3,5,30,19204374
3,5,31,41113716
3,5,32,18643734
3,5,6,10292742
3,5,7,11587305
3,5,8,10292742
3,5,9,10543718
3,6,10,8293824
3,6,11,40878061
3,6,12,8354041
3,6,13,19541763
3,6,14,8526566
3,6,15,8544647
3,6,16,8296736
3,6,17,8528097
3,6,18,8388361
3,6,19,8438005
3,6,20,8229470
3,6,21,9272445
3,6,22,20612471
3,6,23,50111134
3,6,24,24165959
3,6,25,8694495
3,6,26,8934284
3,6,27,12412087
3,6,28,11056853
3,6,29,15594485
3,6,30,16988190
3,6,31,38897531
3,6,32,16427548
3,6,7,9371119
3,6,8,8076556
3,6,9,8327532
3,7,10,9588387
3,7,11,42172624
3,7,12,9648604
3,7,13,20836326
3,7,14,9821129
3,7,15,9839210
3,7,16,9591299
3,7,17,9822661
3,7,18,9682924
3,7,19,9732568
3,7,20,9524033
3,7,21,10567008
3,7,22,21907034
3,7,23,51405697
3,7,24,25460522
3,7,25,9989058
3,7,26,10228848
3,7,27,13706650
3,7,28,12351417
3,7,29,16889048
3,7,30,18282753
3,7,31,40192094
3,7,32,17722112
3,7,8,9371119
3,7,9,9622096
3,8,10,8293824
3,8,11,40878061
3,8,12,8354041
3,8,13,19541763
3,8,14,8526566
3,8,15,8544647
3,8,16,8296736
3,8,17,8528097
3,8,18,8388361
3,8,19,8438005
3,8,20,8229470
3,8,21,9272445
3,8,22,20612471
3,8,23,50111134
3,8,24,24165959
3,8,25,8694495
3,8,26,8934284
3,8,27,12412087
3,8,28,11056853
3,8,29,15594485
3,8,30,16988190
3,8,31,38897531
3,8,32,16427548
3,8,9,8327532
3,9,10,8544800
3,9,11,40878061
3,9,12,8605170
3,9,13,19792892
3,9,14,8777695
3,9,15,8795776
3,9,16,8547712
3,9,17,8779226
3,9,18,8639337
3,9,19,8688981
3,9,20,8480446
3,9,21,9523421
3,9,22,20863447
3,9,23,50362110
3,9,24,24416934
3,9,25,8945471
3,9,26,9185261
3,9,27,12663063
3,9,28,11307830
3,9,29,15845461
3,9,30,17239165
3,9,31,39148506
3,9,32,16678525
4,10,11,33298243
4,10,12,774223
4,10,13,11961946
4,10,14,946748
4,10,15,964830
4,10,16,716919
4,10,17,948280
4,10,18,808543
4,10,19,858187
4,10,20,649653
4,10,21,1692627
4,10,22,13032654
4,10,23,42531316
4,10,24,16586141
4,10,25,1114677
4,10,26,1354467
4,10,27,4832269
4,10,28,3477036
4,10,29,8014668
4,10,30,9408372
4,10,31,31317714
4,10,32,8847731
4,11,12,33080976
4,11,13,33080976
4,11,14,33080976
4,11,15,33080976
4,11,16,33301156
4,11,17,33080976
4,11,18,33392780
4,11,19,33442424
4,11,20,33233889
4,11,21,34276864
4,11,22,45616891
4,11,23,75115553
4,11,24,49170377
4,11,25,33698913
4,11,26,33938703
4,11,27,37416506
4,11,28,36061272
4,11,29,40598905
4,11,30,41992608
4,11,31,63901950
4,11,32,41431968
4,12,13,11744678
4,12,14,1007118
4,12,15,1025199
4,12,16,777136
4,12,17,1008650
4,12,18,868760
4,12,19,918404
4,12,20,709869
4,12,21,1752844
4,12,22,13092871
4,12,23,42591533
4,12,24,16646357
4,12,25,1174894
4,12,26,1414684
4,12,27,4892486
4,12,28,3537253
4,12,29,8074885
4,12,30,9468588
4,12,31,31377930
4,12,32,8907948
4,13,14,11744678
4,13,15,11744678
4,13,16,11964858
4,13,17,11744678
4,13,18,12056483
4,13,19,12106127
4,13,20,11897593
4,13,21,12940567
4,13,22,24280593
4,13,23,53779256
4,13,24,27834081
4,13,25,12362617
4,13,26,12602406
4,13,27,16080209
4,13,28,14724975
4,13,29,19262607
4,13,30,20656312
4,13,31,42565653
4,13,32,20095670
4,14,15,1197724
4,14,16,949661
4,14,17,1181175
4,14,18,1041285
4,14,19,1090929
4,14,20,882395
4,14,21,1925369
4,14,22,13265396
4,14,23,42764058
4,14,24,16818883
4,14,25,1347419
4,14,26,1587209
4,14,27,5065011
4,14,28,3709778
4,14,29,8247410
4,14,30,9641114
4,14,31,31550456
4,14,32,9080473
4,15,16,967742
4,15,17,1199256
4,15,18,1059367
4,15,19,1109011
4,15,20,900476
4,15,21,1943451
4,15,22,13283477
4,15,23,42782140
4,15,24,16836965
4,15,25,1365501
4,15,26,1605290
4,15,27,5083093
4,15,28,3727859
4,15,29,8265491
4,15,30,9659195
4,15,31,31568536
4,15,32,9098554
4,16,17,951192
4,16,18,811456
4,16,19,861100
4,16,20,652565
4,16,21,1695540
4,16,22,13035566
4,16,23,42534229
4,16,24,16589053
4,16,25,1117590
4,16,26,1357379
4,16,27,4835182
4,16,28,3479948
4,16,29,8017580
4,16,30,9411284
4,16,31,31320625
4,16,32,8850643
4,17,18,1042817
4,17,19,1092461
4,17,20,883927
4,17,21,1926901
4,17,22,13266927
4,17,23,42765590
4,17,24,16820415
4,17,25,1348951
4,17,26,1588741
4,17,27,5066543
4,17,28,3711310
4,17,29,8248941
4,17,30,9642646
4,17,31,31551988
4,17,32,9082005
4,18,19,952877
4,18,20,744189
4,18,21,1787317
4,18,22,13127343
4,18,23,42314049
4,18,24,16680830
4,18,25,1209367
4,18,26,1449157
4,18,27,4926959
4,18,28,3571573
4,18,29,8109205
4,18,30,9502908
4,18,31,31412250
4,18,32,8942421
4,19,20,793834
4,19,21,1836961
4,19,22,13176987
4,19,23,42314049
4,19,24,16730475
4,19,25,1259011
4,19,26,1498801
4,19,27,4976603
4,19,28,3621217
4,19,29,8158849
4,19,30,9552553
4,19,31,31461895
4,19,32,8992065
4,20,21,1628273
4,20,22,12968300
4,20,23,42466962
4,20,24,16521787
4,20,25,1050323
4,20,26,1290113
4,20,27,4767915
4,20,28,3412682
4,20,29,7950314
4,20,30,9344018
4,20,31,31253360
4,20,32,8783377
4,21,22,14011428
4,21,23,42314049
4,21,24,17564914
4,21,25,2093451
4,21,26,2333241
4,21,27,5811043
4,21,28,4455657
4,21,29,8993289
4,21,30,10386993
4,21,31,32296334
4,21,32,9826505
4,22,23,42314049
4,22,24,28904942
4,22,25,12815386
4,22,26,13673267
4,22,27,17151069
4,22,28,15795683
4,22,29,20333315
4,22,30,21727019
4,22,31,43636360
4,22,32,21166531
4,23,24,42314049
4,23,25,42314049
4,23,26,43171930
4,23,27,42314049
4,23,28,45294346
4,23,29,49831978
4,23,30,51225682
4,23,31,73135023
4,23,32,42314049
4,24,25,16986964
4,24,26,17226754
4,24,27,16368874
4,24,28,19349170
4,24,29,23886803
4,24,30,25280507
4,24,31,47189848
4,24,32,16368874
4,25,26,1755290
4,25,27,5233093
4,25,28,3877706
4,25,29,8415339
4,25,30,9809042
4,25,31,31718384
4,25,32,9248555
4,26,27,5472883
4,26,28,4117497
4,26,29,8655128
4,26,30,10048832
4,26,31,31958174
4,26,32,9488345
4,27,28,7595299
4,27,29,12132931
4,27,30,13526634
4,27,31,35435976
4,27,32,8630464
4,28,29,10777850
4,28,30,12171554
4,28,31,31100446
4,28,32,11610761
4,29,30,16709187
4,29,31,31100446
4,29,32,16148392
4,30,31,31100446
4,30,32,17542097
4,31,32,39451439
4,5,10,2712924
4,5,11,35297161
4,5,12,2773141
4,5,13,13960864
4,5,14,2945666
4,5,15,2963748
4,5,16,2715837
4,5,17,2947198
4,5,18,2807461
4,5,19,2857105
4,5,20,2648570
4,5,21,3691545
4,5,22,15031572
4,5,23,44530234
4,5,24,18585058
4,5,25,3113595
4,5,26,3353385
4,5,27,6831187
4,5,28,5475954
4,5,29,10013586
4,5,30,11407289
4,5,31,33316631
4,5,32,10846649
4,5,6,6239599
4,5,7,3790220
4,5,8,2780034
4,5,9,2746633
4,6,10,4240682
4,6,11,36824918
4,6,12,4300898
4,6,13,15488621
4,6,14,4473424
4,6,15,4491505
4,6,16,4243593
4,6,17,4474956
4,6,18,4335218
4,6,19,4384863
4,6,20,4176328
4,6,21,5219302
4,6,22,16559329
4,6,23,46057991
4,6,24,20112816
4,6,25,4641352
4,6,26,4881142
4,6,27,8358944
4,6,28,7003711
4,6,29,11541343
4,6,30,12935047
4,6,31,34844388
4,6,32,12374407
4,6,7,5317978
4,6,8,4307943
4,6,9,4274391
4,7,10,1791302
4,7,11,34375539
4,7,12,1851519
4,7,13,13039241
4,7,14,2024044
4,7,15,2042125
4,7,16,1794214
4,7,17,2025576
4,7,18,1885839
4,7,19,1935483
4,7,20,1726949
4,7,21,2769923
4,7,22,14109949
4,7,23,43608612
4,7,24,17663437
4,7,25,2191973
4,7,26,2431763
4,7,27,5909565
4,7,28,4554332
4,7,29,9091963
4,7,30,10485668
4,7,31,32395010
4,7,32,9925027
4,7,8,1858412
4,7,9,1825011
4,8,10,781116
4,8,11,33365352
4,8,12,841333
4,8,13,12029055
4,8,14,1013858
4,8,15,1031939
4,8,16,784027
4,8,17,1015390
4,8,18,875652
4,8,19,925297
4,8,20,716762
4,8,21,1759737
4,8,22,13099763
4,8,23,42598426
4,8,24,16653250
4,8,25,1181786
4,8,26,1421576
4,8,27,4899378
4,8,28,3544145
4,8,29,8081777
4,8,30,9475481
4,8,31,31384823
4,8,32,8914841
4,8,9,814825
4,9,10,747715
4,9,11,33080976
4,9,12,808085
4,9,13,11995807
4,9,14,980610
4,9,15,998691
4,9,16,750627
4,9,17,982142
4,9,18,842252
4,9,19,891896
4,9,20,683361
4,9,21,1726336
4,9,22,13066362
4,9,23,42565025
4,9,24,16619850
4,9,25,1148386
4,9,26,1388176
4,9,27,4865978
4,9,28,3510745
4,9,29,8048376
4,9,30,9442081
4,9,31,31351422
4,9,32,8881440
5,10,11,35234955
5,10,12,2710936
5,10,13,13898658
5,10,14,2883461
5,10,15,2901542
5,10,16,2653631
5,10,17,2884992
5,10,18,2745256
5,10,19,2794900
5,10,20,2586365
5,10,21,3629340
5,10,22,14969366
5,10,23,44468029
5,10,24,18522853
5,10,25,3051389
5,10,26,3291179
5,10,27,6768982
5,10,28,5413748
5,10,29,9951380
5,10,30,11345084
5,10,31,33254425
5,10,32,10784443
5,11,12,35017688
5,11,13,35017688
5,11,14,35017688
5,11,15,35017688
5,11,16,35237867
5,11,17,35017688
5,11,18,35329492
5,11,19,35379137
5,11,20,35170602
5,11,21,36213576
5,11,22,47553602
5,11,23,77052265
5,11,24,51107090
5,11,25,35635626
5,11,26,35875415
5,11,27,39353218
5,11,28,37997984
5,11,29,42535616
5,11,30,43929321
5,11,31,65838662
5,11,32,43368679
5,12,13,13681391
5,12,14,2943830
5,12,15,2961912
5,12,16,2713847
5,12,17,2945362
5,12,18,2805472
5,12,19,2855117
5,12,20,2646582
5,12,21,3689556
5,12,22,15029583
5,12,23,44528245
5,12,24,18583070
5,12,25,3111606
5,12,26,3351395
5,12,27,6829198
5,12,28,5473964
5,12,29,10011597
5,12,30,11405301
5,12,31,33314642
5,12,32,10844660
5,13,14,13681391
5,13,15,13681391
5,13,16,13901570
5,13,17,13681391
5,13,18,13993195
5,13,19,14042839
5,13,20,13834304
5,13,21,14877279
5,13,22,26217305
5,13,23,55715968
5,13,24,29770792
5,13,25,14299329
5,13,26,14539119
5,13,27,18016921
5,13,28,16661688
5,13,29,21199319
5,13,30,22593023
5,13,31,44502365
5,13,32,22032383
5,14,15,3134437
5,14,16,2886373
5,14,17,3117887
5,14,18,2977998
5,14,19,3027642
5,14,20,2819107
5,14,21,3862082
5,14,22,15202108
5,14,23,44700771
5,14,24,18755595
5,14,25,3284132
5,14,26,3523921
5,14,27,7001724
5,14,28,5646490
5,14,29,10184122
5,14,30,11577826
5,14,31,33487167
5,14,32,11017185
5,15,16,2904453
5,15,17,3135969
5,15,18,2996078
5,15,19,3045723
5,15,20,2837188
5,15,21,3880162
5,15,22,15220189
5,15,23,44718851
5,15,24,18773676
5,15,25,3302212
5,15,26,3542002
5,15,27,7019804
5,15,28,5664571
5,15,29,10202203
5,15,30,11595907
5,15,31,33505249
5,15,32,11035267
5,16,17,2887905
5,16,18,2748167
5,16,19,2797812
5,16,20,2589277
5,16,21,3632251
5,16,22,14972277
5,16,23,44470940
5,16,24,18525765
5,16,25,3054301
5,16,26,3294091
5,16,27,6771893
5,16,28,5416660
5,16,29,9954292
5,16,30,11347996
5,16,31,33257338
5,16,32,10787356
5,17,18,2979529
5,17,19,3029173
5,17,20,2820638
5,17,21,3863614
5,17,22,15203640
5,17,23,44702303
5,17,24,18757127
5,17,25,3285663
5,17,26,3525453
5,17,27,7003255
5,17,28,5648022
5,17,29,10185654
5,17,30,11579358
5,17,31,33488699
5,17,32,11018717
5,18,19,2889589
5,18,20,2680902
5,18,21,3724029
5,18,22,15064055
5,18,23,44250761
5,18,24,18617543
5,18,25,3146078
5,18,26,3385868
5,18,27,6863670
5,18,28,5508284
5,18,29,10045917
5,18,30,11439621
5,18,31,33348962
5,18,32,10879133
5,19,20,2730546
5,19,21,3773674
5,19,22,15113700
5,19,23,44250761
5,19,24,18667187
5,19,25,3195723
5,19,26,3435513
5,19,27,6913315
5,19,28,5557929
5,19,29,10095561
5,19,30,11489265
5,19,31,33398606
5,19,32,10928777
5,20,21,3564986
5,20,22,14905012
5,20,23,44403675
5,20,24,18458500
5,20,25,2987036
5,20,26,3226825
5,20,27,6704628
5,20,28,5349394
5,20,29,9887026
5,20,30,11280730
5,20,31,33190071
5,20,32,10720089
5,21,22,15948139
5,21,23,44250761
5,21,24,19501627
5,21,25,4030163
5,21,26,4269952
5,21,27,7747755
5,21,28,6392369
5,21,29,10930001
5,21,30,12323705
5,21,31,34233046
5,21,32,11763217
5,22,23,44250761
5,22,24,30841653
5,22,25,14752099
5,22,26,15609979
5,22,27,19087781
5,22,28,17732395
5,22,29,22270027
5,22,30,23663731
5,22,31,45573073
5,22,32,23103244
5,23,24,44250761
5,23,25,44250761
5,23,26,45108641
5,23,27,44250761
5,23,28,47231058
5,23,29,51768690
5,23,30,53162394
5,23,31,75071735
5,23,32,44250761
5,24,25,18923677
5,24,26,19163466
5,24,27,18305585
5,24,28,21285883
5,24,29,25823514
5,24,30,27217219
5,24,31,49126560
5,24,32,18305585
5,25,26,3692002
5,25,27,7169804
5,25,28,5814418
5,25,29,10352050
5,25,30,11745755
5,25,31,33655096
5,25,32,11185266
5,26,27,7409594
5,26,28,6054208
5,26,29,10591841
5,26,30,11985545
5,26,31,33894886
5,26,32,11425057
5,27,28,9532010
5,27,29,14069643
5,27,30,15463347
5,27,31,37372688
5,27,32,10567176
5,28,29,12714562
5,28,30,14108266
5,28,31,33037158
5,28,32,13547472
5,29,30,18645898
5,29,31,33037158
5,29,32,18085105
5,30,31,33037158
5,30,32,19478809
5,31,32,41388150
5,6,10,6177393
5,6,11,38761630
5,6,12,6237610
5,6,13,17425333
5,6,14,6410135
5,6,15,6428217
5,6,16,6180306
5,6,17,6411667
5,6,18,6271930
5,6,19,6321574
5,6,20,6113040
5,6,21,7156014
5,6,22,18496041
5,6,23,47994703
5,6,24,22049528
5,6,25,6578064
5,6,26,6817854
5,6,27,10295656
5,6,28,8940423
5,6,29,13478055
5,6,30,14871759
5,6,31,36781101
5,6,32,14311118
5,6,7,7254689
5,6,8,6244656
5,6,9,6211102
5,7,10,3728014
5,7,11,36312251
5,7,12,3788231
5,7,13,14975954
5,7,14,3960756
5,7,15,3978838
5,7,16,3730927
5,7,17,3962288
5,7,18,3822551
5,7,19,3872195
5,7,20,3663660
5,7,21,4706636
5,7,22,16046662
5,7,23,45545325
5,7,24,19600149
5,7,25,4128685
5,7,26,4368475
5,7,27,7846277
5,7,28,6491044
5,7,29,11028676
5,7,30,12422380
5,7,31,34331721
5,7,32,11861739
5,7,8,3795124
5,7,9,3761723
5,8,10,2717827
5,8,11,35302064
5,8,12,2778044
5,8,13,13965768
5,8,14,2950569
5,8,15,2968651
5,8,16,2720740
5,8,17,2952101
5,8,18,2812364
5,8,19,2862008
5,8,20,2653474
5,8,21,3696449
5,8,22,15036475
5,8,23,44535138
5,8,24,18589963
5,8,25,3118498
5,8,26,3358288
5,8,27,6836090
5,8,28,5480857
5,8,29,10018489
5,8,30,11412194
5,8,31,33321535
5,8,32,10851552
5,8,9,2751536
5,9,10,2684427
5,9,11,35017688
5,9,12,2744797
5,9,13,13932520
5,9,14,2917322
5,9,15,2935404
5,9,16,2687340
5,9,17,2918854
5,9,18,2778964
5,9,19,2828608
5,9,20,2620073
5,9,21,3663049
5,9,22,15003075
5,9,23,44501738
5,9,24,18556562
5,9,25,3085097
5,9,26,3324887
5,9,27,6802690
5,9,28,5447456
5,9,29,9985089
5,9,30,11378793
5,9,31,33288134
5,9,32,10818152
6,10,11,36762712
6,10,12,4238692
6,10,13,15426416
6,10,14,4411218
6,10,15,4429299
6,10,16,4181388
6,10,17,4412750
6,10,18,4273012
6,10,19,4322657
6,10,20,4114122
6,10,21,5157096
6,10,22,16497123
6,10,23,45995785
6,10,24,20050610
6,10,25,4579146
6,10,26,4818936
6,10,27,8296738
6,10,28,6941505
6,10,29,11479138
6,10,30,12872841
6,10,31,34782183
6,10,32,12312201
6,11,12,36545445
6,11,13,36545445
6,11,14,36545445
6,11,15,36545445
6,11,16,36765625
6,11,17,36545445
6,11,18,36857249
6,11,19,36906893
6,11,20,36698358
6,11,21,37741333
6,11,22,49081360
6,11,23,78580022
6,11,24,52634847
6,11,25,37163383
6,11,26,37403173
6,11,27,40880975
6,11,28,39525742
6,11,29,44063374
6,11,30,45457077
6,11,31,67366419
6,11,32,44896437
6,12,13,15209148
6,12,14,4471587
6,12,15,4489668
6,12,16,4241605
6,12,17,4473119
6,12,18,4333229
6,12,19,4382873
6,12,20,4174339
6,12,21,5217313
6,12,22,16557340
6,12,23,46056002
6,12,24,20110827
6,12,25,4639363
6,12,26,4879153
6,12,27,8356955
6,12,28,7001722
6,12,29,11539354
6,12,30,12933058
6,12,31,34842400
6,12,32,12372417
6,13,14,15209148
6,13,15,15209148
6,13,16,15429327
6,13,17,15209148
6,13,18,15520952
6,13,19,15570597
6,13,20,15362062
6,13,21,16405036
6,13,22,27745062
6,13,23,57243725
6,13,24,31298550
6,13,25,15827086
6,13,26,16066875
6,13,27,19544678
6,13,28,18189444
6,13,29,22727077
6,13,30,24120781
6,13,31,46030122
6,13,32,23560140
6,14,15,4662193
6,14,16,4414130
6,14,17,4645645
6,14,18,4505754
6,14,19,4555399
6,14,20,4346864
6,14,21,5389838
6,14,22,16729865
6,14,23,46228527
6,14,24,20283352
6,14,25,4811888
6,14,26,5051678
6,14,27,8529480
6,14,28,7174247
6,14,29,11711880
6,14,30,13105583
6,14,31,35014925
6,14,32,12544943
6,15,16,4432211
6,15,17,4663725
6,15,18,4523836
6,15,19,4573480
6,15,20,4364946
6,15,21,5407920
6,15,22,16747946
6,15,23,46246609
6,15,24,20301434
6,15,25,4829970
6,15,26,5069759
6,15,27,8547562
6,15,28,7192328
6,15,29,11729960
6,15,30,13123665
6,15,31,35033006
6,15,32,12563023
6,16,17,4415661
6,16,18,4275925
6,16,19,4325569
6,16,20,4117034
6,16,21,5160009
6,16,22,16500035
6,16,23,45998698
6,16,24,20053523
6,16,25,4582059
6,16,26,4821848
6,16,27,8299651
6,16,28,6944417
6,16,29,11482049
6,16,30,12875754
6,16,31,34785095
6,16,32,12315112
6,17,18,4507286
6,17,19,4556931
6,17,20,4348396
6,17,21,5391370
6,17,22,16731396
6,17,23,46230059
6,17,24,20284884
6,17,25,4813420
6,17,26,5053210
6,17,27,8531012
6,17,28,7175779
6,17,29,11713411
6,17,30,13107115
6,17,31,35016457
6,17,32,12546475
6,18,19,4417346
6,18,20,4208658
6,18,21,5251786
6,18,22,16591812
6,18,23,45778518
6,18,24,20145300
6,18,25,4673836
6,18,26,4913626
6,18,27,8391428
6,18,28,7036042
6,18,29,11573674
6,18,30,12967378
6,18,31,34876720
6,18,32,12406890
6,19,20,4258303
6,19,21,5301430
6,19,22,16641456
6,19,23,45778518
6,19,24,20194944
6,19,25,4723480
6,19,26,4963270
6,19,27,8441072
6,19,28,7085686
6,19,29,11623319
6,19,30,13017022
6,19,31,34926364
6,19,32,12456535
6,20,21,5092743
6,20,22,16432770
6,20,23,45931432
6,20,24,19986256
6,20,25,4514792
6,20,26,4754582
6,20,27,8232384
6,20,28,6877151
6,20,29,11414784
6,20,30,12808487
6,20,31,34717829
6,20,32,12247847
6,21,22,17475897
6,21,23,45778518
6,21,24,21029384
6,21,25,5557920
6,21,26,5797710
6,21,27,9275512
6,21,28,7920126
6,21,29,12457758
6,21,30,13851463
6,21,31,35760804
6,21,32,13290974
6,22,23,45778518
6,22,24,32369411
6,22,25,16279856
6,22,26,17137736
6,22,27,20615538
6,22,28,19260152
6,22,29,23797784
6,22,30,25191489
6,22,31,47100830
6,22,32,24631000
6,23,24,45778518
6,23,25,45778518
6,23,26,46636399
6,23,27,45778518
6,23,28,48758815
6,23,29,53296447
6,23,30,54690152
6,23,31,76599493
6,23,32,45778518
6,24,25,20451434
6,24,26,20691224
6,24,27,19833343
6,24,28,22813640
6,24,29,27351272
6,24,30,28744976
6,24,31,50654317
6,24,32,19833343
6,25,26,5219760
6,25,27,8697562
6,25,28,7342176
6,25,29,11879808
6,25,30,13273512
6,25,31,35182853
6,25,32,12713024
6,26,27,8937352
6,26,28,7581966
6,26,29,12119597
6,26,30,13513302
6,26,31,35422643
6,26,32,12952814
6,27,28,11059768
6,27,29,15597400
6,27,30,16991104
6,27,31,38900446
6,27,32,12094934
6,28,29,14242319
6,28,30,15636024
6,28,31,34564915
6,28,32,15075230
6,29,30,20173656
6,29,31,34564915
6,29,32,19612862
6,30,31,34564915
6,30,32,21006566
6,31,32,42915908
6,7,10,5255772
6,7,11,37840008
6,7,12,5315988
6,7,13,16503711
6,7,14,5488514
6,7,15,5506595
6,7,16,5258683
6,7,17,5490046
6,7,18,5350308
6,7,19,5399953
6,7,20,5191418
6,7,21,6234392
6,7,22,17574419
6,7,23,47073081
6,7,24,21127906
6,7,25,5656442
6,7,26,5896232
6,7,27,9374034
6,7,28,8018801
6,7,29,12556433
6,7,30,13950137
6,7,31,35859479
6,7,32,13389497
6,7,8,5323034
6,7,9,5289481
6,8,10,4245738
6,8,11,36829975
6,8,12,4305955
6,8,13,15493677
6,8,14,4478480
6,8,15,4496561
6,8,16,4248650
6,8,17,4480012
6,8,18,4340275
6,8,19,4389919
6,8,20,4181384
6,8,21,5224359
6,8,22,16564385
6,8,23,46063048
6,8,24,20117872
6,8,25,4646409
6,8,26,4886199
6,8,27,8364001
6,8,28,7008768
6,8,29,11546399
6,8,30,12940103
6,8,31,34849444
6,8,32,12379463
6,8,9,4279447
6,9,10,4212185
6,9,11,36545445
6,9,12,4272554
6,9,13,15460277
6,9,14,4445080
6,9,15,4463160
6,9,16,4215096
6,9,17,4446612
6,9,18,4306721
6,9,19,4356366
6,9,20,4147831
6,9,21,5190805
6,9,22,16530831
6,9,23,46029494
6,9,24,20084319
6,9,25,4612855
6,9,26,4852645
6,9,27,8330447
6,9,28,6975214
6,9,29,11512845
6,9,30,12906550
6,9,31,34815892
6,9,32,12345909
7,10,11,34313333
7,10,12,1789313
7,10,13,12977036
7,10,14,1961838
7,10,15,1979920
7,10,16,1732009
7,10,17,1963370
7,10,18,1823633
7,10,19,1873277
7,10,20,1664743
7,10,21,2707718
7,10,22,14047744
7,10,23,43546407
7,10,24,17601232
7,10,25,2129767
7,10,26,2369557
7,10,27,5847359
7,10,28,4492126
7,10,29,9029758
7,10,30,10423463
7,10,31,32332804
7,10,32,9862821
7,11,12,34096066
7,11,13,34096066
7,11,14,34096066
7,11,15,34096066
7,11,16,34316246
7,11,17,34096066
7,11,18,34407870
7,11,19,34457514
7,11,20,34248979
7,11,21,35291955
7,11,22,46631981
7,11,23,76130644
7,11,24,50185468
7,11,25,34714003
7,11,26,34953793
7,11,27,38431596
7,11,28,37076362
7,11,29,41613995
7,11,30,43007699
7,11,31,64917040
7,11,32,42447058
7,12,13,12759768
7,12,14,2022208
7,12,15,2040290
7,12,16,1792226
7,12,17,2023740
7,12,18,1883850
7,12,19,1933494
7,12,20,1724959
7,12,21,2767935
7,12,22,14107961
7,12,23,43606624
7,12,24,17661448
7,12,25,2189984
7,12,26,2429774
7,12,27,5907576
7,12,28,4552343
7,12,29,9089975
7,12,30,10483679
7,12,31,32393020
7,12,32,9923038
7,13,14,12759768
7,13,15,12759768
7,13,16,12979948
7,13,17,12759768
7,13,18,13071573
7,13,19,13121217
7,13,20,12912683
7,13,21,13955657
7,13,22,25295683
7,13,23,54794346
7,13,24,28849171
7,13,25,13377707
7,13,26,13617497
7,13,27,17095299
7,13,28,15740066
7,13,29,20277697
7,13,30,21671402
7,13,31,43580743
7,13,32,21110761
7,14,15,2212815
7,14,16,1964751
7,14,17,2196265
7,14,18,2056375
7,14,19,2106019
7,14,20,1897485
7,14,21,2940460
7,14,22,14280486
7,14,23,43779149
7,14,24,17833974
7,14,25,2362509
7,14,26,2602299
7,14,27,6080101
7,14,28,4724868
7,14,29,9262500
7,14,30,10656205
7,14,31,32565546
7,14,32,10095563
7,15,16,1982832
7,15,17,2214346
7,15,18,2074457
7,15,19,2124101
7,15,20,1915566
7,15,21,2958541
7,15,22,14298567
7,15,23,43797230
7,15,24,17852055
7,15,25,2380591
7,15,26,2620381
7,15,27,6098183
7,15,28,4742950
7,15,29,9280581
7,15,30,10674285
7,15,31,32583626
7,15,32,10113645
7,16,17,1966283
7,16,18,1826546
7,16,19,1876190
7,16,20,1667655
7,16,21,2710630
7,16,22,14050656
7,16,23,43549319
7,16,24,17604143
7,16,25,2132680
7,16,26,2372470
7,16,27,5850272
7,16,28,4495039
7,16,29,9032670
7,16,30,10426374
7,16,31,32335715
7,16,32,9865734
7,17,18,2057907
7,17,19,2107551
7,17,20,1899017
7,17,21,2941991
7,17,22,14282018
7,17,23,43780680
7,17,24,17835505
7,17,25,2364041
7,17,26,2603831
7,17,27,6081633
7,17,28,4726400
7,17,29,9264032
7,17,30,10657736
7,17,31,32567078
7,17,32,10097095
7,18,19,1967967
7,18,20,1759279
7,18,21,2802407
7,18,22,14142434
7,18,23,43329139
7,18,24,17695920
7,18,25,2224457
7,18,26,2464247
7,18,27,5942049
7,18,28,4586663
7,18,29,9124295
7,18,30,10517999
7,18,31,32427340
7,18,32,9957511
7,19,20,1808924
7,19,21,2852051
7,19,22,14192078
7,19,23,43329139
7,19,24,17745565
7,19,25,2274101
7,19,26,2513891
7,19,27,5991693
7,19,28,4636307
7,19,29,9173939
7,19,30,10567644
7,19,31,32476985
7,19,32,10007155
7,20,21,2643364
7,20,22,13983390
7,20,23,43482053
7,20,24,17536878
7,20,25,2065413
7,20,26,2305203
7,20,27,5783005
7,20,28,4427772
7,20,29,8965404
7,20,30,10359109
7,20,31,32268450
7,20,32,9798467
7,21,22,15026518
7,21,23,43329139
7,21,24,18580005
7,21,25,3108541
7,21,26,3348331
7,21,27,6826133
7,21,28,5470747
7,21,29,10008379
7,21,30,11402083
7,21,31,33311424
7,21,32,10841595
7,22,23,43329139
7,22,24,29920031
7,22,25,13830476
7,22,26,14688357
7,22,27,18166160
7,22,28,16810774
7,22,29,21348405
7,22,30,22742109
7,22,31,44651450
7,22,32,22181621
7,23,24,43329139
7,23,25,43329139
7,23,26,44187020
7,23,27,43329139
7,23,28,46309436
7,23,29,50847068
7,23,30,52240772
7,23,31,74150113
7,23,32,43329139
7,24,25,18002054
7,24,26,18241844
7,24,27,17383964
7,24,28,20364260
7,24,29,24901893
7,24,30,26295597
7,24,31,48204938
7,24,32,17383964
7,25,26,2770380
7,25,27,6248183
7,25,28,4892796
7,25,29,9430429
7,25,30,10824133
7,25,31,32733474
7,25,32,10263645
7,26,27,6487973
7,26,28,5132586
7,26,29,9670219
7,26,30,11063922
7,26,31,32973264
7,26,32,10503435
7,27,28,8610389
7,27,29,13148021
7,27,30,14541725
7,27,31,36451066
7,27,32,9645554
7,28,29,11792940
7,28,30,13186644
7,28,31,32115537
7,28,32,12625851
7,29,30,17724277
7,29,31,32115537
7,29,32,17163483
7,30,31,32115537
7,30,32,18557187
7,31,32,40466529
7,8,10,1796206
7,8,11,34380442
7,8,12,1856423
7,8,13,13044146
7,8,14,2028948
7,8,15,2047030
7,8,16,1799118
7,8,17,2030480
7,8,18,1890742
7,8,19,1940387
7,8,20,1731852
7,8,21,2774827
7,8,22,14114854
7,8,23,43613516
7,8,24,17668340
7,8,25,2196876
7,8,26,2436666
7,8,27,5914468
7,8,28,4559235
7,8,29,9096868
7,8,30,10490571
7,8,31,32399913
7,8,32,9929931
7,8,9,1829915
7,9,10,1762805
7,9,11,34096066
7,9,12,1823175
7,9,13,13010897
7,9,14,1995700
7,9,15,2013781
7,9,16,1765718
7,9,17,1997232
7,9,18,1857342
7,9,19,1906986
7,9,20,1698451
7,9,21,2741426
7,9,22,14081453
7,9,23,43580115
7,9,24,17634940
7,9,25,2163476
7,9,26,2403266
7,9,27,5881068
7,9,28,4525835
7,9,29,9063467
7,9,30,10457171
7,9,31,32366512
7,9,32,9896530
8,10,11,33303146
8,10,12,779126
8,10,13,11966850
8,10,14,951652
8,10,15,969733
8,10,16,721822
8,10,17,953184
8,10,18,813446
8,10,19,863091
8,10,20,654556
8,10,21,1697531
8,10,22,13037557
8,10,23,42536220
8,10,24,16591045
8,10,25,1119580
8,10,26,1359370
8,10,27,4837172
8,10,28,3481939
8,10,29,8019572
8,10,30,9413276
8,10,31,31322617
8,10,32,8852635
8,11,12,33085879
8,11,13,33085879
8,11,14,33085879
8,11,15,33085879
8,11,16,33306059
8,11,17,33085879
8,11,18,33397683
8,11,19,33447327
8,11,20,33238792
8,11,21,34281768
8,11,22,45621794
8,11,23,75120457
8,11,24,49175282
8,11,25,33703817
8,11,26,33943607
8,11,27,37421409
8,11,28,36066176
8,11,29,40603808
8,11,30,41997513
8,11,31,63906853
8,11,32,41436871
8,12,13,11749582
8,12,14,1012021
8,12,15,1030103
8,12,16,782039
8,12,17,1013553
8,12,18,873663
8,12,19,923307
8,12,20,714773
8,12,21,1757748
8,12,22,13097774
8,12,23,42596437
8,12,24,16651262
8,12,25,1179797
8,12,26,1419587
8,12,27,4897389
8,12,28,3542156
8,12,29,8079788
8,12,30,9473493
8,12,31,31382834
8,12,32,8912851
8,13,14,11749582
8,13,15,11749582
8,13,16,11969761
8,13,17,11749582
8,13,18,12061386
8,13,19,12111031
8,13,20,11902496
8,13,21,12945470
8,13,22,24285497
8,13,23,53784159
8,13,24,27838984
8,13,25,12367520
8,13,26,12607310
8,13,27,16085112
8,13,28,14729879
8,13,29,19267511
8,13,30,20661215
8,13,31,42570556
8,13,32,20100575
8,14,15,1202629
8,14,16,954564
8,14,17,1186079
8,14,18,1046188
8,14,19,1095833
8,14,20,887298
8,14,21,1930273
8,14,22,13270299
8,14,23,42768962
8,14,24,16823787
8,14,25,1352322
8,14,26,1592112
8,14,27,5069914
8,14,28,3714681
8,14,29,8252314
8,14,30,9646018
8,14,31,31555359
8,14,32,9085377
8,15,16,972645
8,15,17,1204160
8,15,18,1064270
8,15,19,1113915
8,15,20,905380
8,15,21,1948354
8,15,22,13288380
8,15,23,42787043
8,15,24,16841868
8,15,25,1370404
8,15,26,1610194
8,15,27,5087996
8,15,28,3732763
8,15,29,8270394
8,15,30,9664099
8,15,31,31573440
8,15,32,9103458
8,16,17,956096
8,16,18,816359
8,16,19,866003
8,16,20,657469
8,16,21,1700443
8,16,22,13040469
8,16,23,42539132
8,16,24,16593957
8,16,25,1122493
8,16,26,1362283
8,16,27,4840085
8,16,28,3484852
8,16,29,8022483
8,16,30,9416188
8,16,31,31325529
8,16,32,8855547
8,17,18,1047720
8,17,19,1097365
8,17,20,888830
8,17,21,1931804
8,17,22,13271832
8,17,23,42770493
8,17,24,16825318
8,17,25,1353854
8,17,26,1593644
8,17,27,5071446
8,17,28,3716213
8,17,29,8253846
8,17,30,9647549
8,17,31,31556891
8,17,32,9086909
8,18,19,957780
8,18,20,749093
8,18,21,1792220
8,18,22,13132247
8,18,23,42318953
8,18,24,16685734
8,18,25,1214270
8,18,26,1454060
8,18,27,4931862
8,18,28,3576476
8,18,29,8114108
8,18,30,9507813
8,18,31,31417154
8,18,32,8947324
8,19,20,798737
8,19,21,1841864
8,19,22,13181892
8,19,23,42318953
8,19,24,16735378
8,19,25,1263914
8,19,26,1503704
8,19,27,4981506
8,19,28,3626120
8,19,29,8163753
8,19,30,9557457
8,19,31,31466798
8,19,32,8996969
8,20,21,1633178
8,20,22,12973204
8,20,23,42471867
8,20,24,16526691
8,20,25,1055226
8,20,26,1295016
8,20,27,4772819
8,20,28,3417585
8,20,29,7955218
8,20,30,9348922
8,20,31,31258263
8,20,32,8788281
8,21,22,14016331
8,21,23,42318953
8,21,24,17569819
8,21,25,2098354
8,21,26,2338144
8,21,27,5815946
8,21,28,4460560
8,21,29,8998192
8,21,30,10391897
8,21,31,32301238
8,21,32,9831408
8,22,23,42318953
8,22,24,28909845
8,22,25,12820290
8,22,26,13678170
8,22,27,17155973
8,22,28,15800587
8,22,29,20338218
8,22,30,21731923
8,22,31,43641264
8,22,32,21171434
8,23,24,42318953
8,23,25,42318953
8,23,26,43176833
8,23,27,42318953
8,23,28,45299249
8,23,29,49836881
8,23,30,51230586
8,23,31,73139927
8,23,32,42318953
8,24,25,16991868
8,24,26,17231658
8,24,27,16373777
8,24,28,19354074
8,24,29,23891706
8,24,30,25285410
8,24,31,47194751
8,24,32,16373777
8,25,26,1760194
8,25,27,5237996
8,25,28,3882610
8,25,29,8420242
8,25,30,9813947
8,25,31,31723287
8,25,32,9253458
8,26,27,5477786
8,26,28,4122400
8,26,29,8660032
8,26,30,10053736
8,26,31,31963078
8,26,32,9493248
8,27,28,7600202
8,27,29,12137834
8,27,30,13531539
8,27,31,35440880
8,27,32,8635368
8,28,29,10782753
8,28,30,12176458
8,28,31,31105350
8,28,32,11615664
8,29,30,16714090
8,29,31,31105350
8,29,32,16153297
8,30,31,31105350
8,30,32,17547000
8,31,32,39456342
8,9,10,752619
8,9,11,33085879
8,9,12,812988
8,9,13,12000711
8,9,14,985514
8,9,15,1003594
8,9,16,755531
8,9,17,987046
8,9,18,847155
8,9,19,896800
8,9,20,688265
8,9,21,1731239
8,9,22,13071266
8,9,23,42569928
8,9,24,16624753
8,9,25,1153289
8,9,26,1393079
8,9,27,4870881
8,9,28,3515648
8,9,29,8053281
8,9,30,9446984
8,9,31,31356326
8,9,32,8886344
9,10,11,33018770
9,10,12,745879
9,10,13,11933602
9,10,14,918404
9,10,15,936486
9,10,16,688422
9,10,17,919936
9,10,18,780046
9,10,19,829690
9,10,20,621155
9,10,21,1664131
9,10,22,13004157
9,10,23,42502820
9,10,24,16557645
9,10,25,1086180
9,10,26,1325970
9,10,27,4803772
9,10,28,3448539
9,10,29,7986171
9,10,30,9379875
9,10,31,31289216
9,10,32,8819234
9,11,12,32801503
9,11,13,32801503
9,11,14,32801503
9,11,15,32801503
9,11,16,33021683
9,11,17,32801503
9,11,18,33113307
9,11,19,33162951
9,11,20,32954416
9,11,21,33997391
9,11,22,45337418
9,11,23,74836080
9,11,24,48890904
9,11,25,33419440
9,11,26,33659230
9,11,27,37137033
9,11,28,35781799
9,11,29,40319432
9,11,30,41713135
9,11,31,63622477
9,11,32,41152495
9,12,13,11716334
9,12,14,978774
9,12,15,996855
9,12,16,748792
9,12,17,980306
9,12,18,840416
9,12,19,890060
9,12,20,681525
9,12,21,1724500
9,12,22,13064527
9,12,23,42563189
9,12,24,16618013
9,12,25,1146549
9,12,26,1386339
9,12,27,4864142
9,12,28,3508908
9,12,29,8046541
9,12,30,9440244
9,12,31,31349586
9,12,32,8879604
9,13,14,11716334
9,13,15,11716334
9,13,16,11936514
9,13,17,11716334
9,13,18,12028139
9,13,19,12077783
9,13,20,11869248
9,13,21,12912223
9,13,22,24252249
9,13,23,53750912
9,13,24,27805737
9,13,25,12334273
9,13,26,12574062
9,13,27,16051865
9,13,28,14696631
9,13,29,19234263
9,13,30,20627968
9,13,31,42537308
9,13,32,20067326
9,14,15,1169380
9,14,16,921317
9,14,17,1152831
9,14,18,1012941
9,14,19,1062585
9,14,20,854050
9,14,21,1897025
9,14,22,13237052
9,14,23,42735714
9,14,24,16790539
9,14,25,1319075
9,14,26,1558865
9,14,27,5036667
9,14,28,3681434
9,14,29,8219066
9,14,30,9612769
9,14,31,31522111
9,14,32,9052129
9,15,16,939398
9,15,17,1170912
9,15,18,1031023
9,15,19,1080667
9,15,20,872132
9,15,21,1915107
9,15,22,13255133
9,15,23,42753796
9,15,24,16808620
9,15,25,1337156
9,15,26,1576946
9,15,27,5054749
9,15,28,3699515
9,15,29,8237147
9,15,30,9630851
9,15,31,31540192
9,15,32,9070210
9,16,17,922848
9,16,18,782958
9,16,19,832603
9,16,20,624068
9,16,21,1667043
9,16,22,13007069
9,16,23,42505732
9,16,24,16560556
9,16,25,1089092
9,16,26,1328882
9,16,27,4806684
9,16,28,3451451
9,16,29,7989083
9,16,30,9382787
9,16,31,31292128
9,16,32,8822147
9,17,18,1014473
9,17,19,1064117
9,17,20,855582
9,17,21,1898557
9,17,22,13238583
9,17,23,42737246
9,17,24,16792071
9,17,25,1320607
9,17,26,1560397
9,17,27,5038199
9,17,28,3682966
9,17,29,8220597
9,17,30,9614301
9,17,31,31523643
9,17,32,9053661
9,18,19,924380
9,18,20,715692
9,18,21,1758820
9,18,22,13098847
9,18,23,42285552
9,18,24,16652333
9,18,25,1180869
9,18,26,1420659
9,18,27,4898461
9,18,28,3543075
9,18,29,8080708
9,18,30,9474412
9,18,31,31383753
9,18,32,8913924
9,19,20,765336
9,19,21,1808464
9,19,22,13148491
9,19,23,42285552
9,19,24,16701978
9,19,25,1230514
9,19,26,1470304
9,19,27,4948106
9,19,28,3592720
9,19,29,8130352
9,19,30,9524057
9,19,31,31433397
9,19,32,8963568
9,20,21,1599777
9,20,22,12939803
9,20,23,42438466
9,20,24,16493291
9,20,25,1021826
9,20,26,1261616
9,20,27,4739418
9,20,28,3384185
9,20,29,7921817
9,20,30,9315522
9,20,31,31224863
9,20,32,8754880
9,21,22,13982931
9,21,23,42285552
9,21,24,17536418
9,21,25,2064953
9,21,26,2304743
9,21,27,5782546
9,21,28,4427159
9,21,29,8964792
9,21,30,10358496
9,21,31,32267837
9,21,32,9798008
9,22,23,42285552
9,22,24,28876444
9,22,25,12786889
9,22,26,13644770
9,22,27,17122573
9,22,28,15767186
9,22,29,20304818
9,22,30,21698522
9,22,31,43607863
9,22,32,21138034
9,23,24,42285552
9,23,25,42285552
9,23,26,43143432
9,23,27,42285552
9,23,28,45265848
9,23,29,49803481
9,23,30,51197185
9,23,31,73106526
9,23,32,42285552
9,24,25,16958467
9,24,26,17198257
9,24,27,16340377
9,24,28,19320673
9,24,29,23858305
9,24,30,25252010
9,24,31,47161351
9,24,32,16340377
9,25,26,1726793
9,25,27,5204595
9,25,28,3849209
9,25,29,8386842
9,25,30,9780546
9,25,31,31689887
9,25,32,9220058
9,26,27,5444385
9,26,28,4088999
9,26,29,8626632
9,26,30,10020335
9,26,31,31929677
9,26,32,9459848
9,27,28,7566801
9,27,29,12104434
9,27,30,13498138
9,27,31,35407479
9,27,32,8601967
9,28,29,10749353
9,28,30,12143057
9,28,31,31071949
9,28,32,11582264
9,29,30,16680689
9,29,31,31071949
9,29,32,16119896
9,30,31,31071949
9,30,32,17513599
9,31,32,39422941
